4.13474320e-02
5.45422355e-03
5.82312987e-03
5.97241728e-03
6.00411148e-03
9.14251655e-03
6.15029436e-03
6.55385542e-03
6.46074788e-03
6.43506481e-03
7.12608415e-03
1.75011244e-02
2.34710837e-02
2.58766309e-02
2.47598053e-02
2.59197159e-02
2.80949718e-02
3.52788407e-02
3.30103419e-02
2.79701740e-02
2.28782348e-02
2.03524759e-02
1.87433983e-02
2.09181884e-02
2.13499476e-02
1.60317501e-02
1.80976470e-02
2.04003123e-02
2.05478247e-02
2.06732906e-02
1.93600455e-02
1.63689133e-02
1.48799776e-02
1.46486248e-02
1.37216242e-02
1.19423554e-02
1.01320309e-02
1.17831096e-02
1.19517719e-02
1.29249253e-02
1.19345211e-02
1.05723358e-02
1.20788754e-02
1.15459528e-02
1.14415764e-02
1.04954088e-02
1.03880801e-02
1.00365349e-02
9.87639146e-03
9.76294970e-03
9.20884098e-03
1.03755266e-02
1.02966020e-02
1.18940851e-02
1.09964444e-02
8.23229033e-03
2.72911915e-02
6.41279073e-03
2.20042909e-03
1.38772976e-03
1.91138554e-03
1.88855991e-03
2.06765192e-03
1.78451886e-03
1.81917037e-03
1.94633907e-03
1.42575186e-03
8.38524059e-04
1.05099452e-03
8.99445467e-04
1.00652179e-03
1.08870446e-03
8.85111800e-04
1.06299147e-03
1.14141313e-03
9.64722124e-04
1.03393649e-03
9.24249699e-04
1.08636083e-03
9.94983059e-04
9.64249785e-04
1.04855338e-03
1.06371924e-03
1.13980212e-03
9.78126904e-04
9.02071471e-04
1.04258164e-03
9.07053062e-04
9.61542560e-04
8.57976269e-04
8.69437215e-04
9.29003845e-04
7.10045454e-04
7.74393017e-04
9.60635987e-04
8.04527602e-04
8.85538653e-04
7.88914178e-04
6.68132732e-04
8.23149926e-04
6.99268058e-04
7.67709407e-04
7.17712436e-04
6.87499819e-04
7.81134068e-04
8.54394078e-04
7.31694807e-04
8.37074028e-04
8.31100558e-04
8.79236717e-04
9.44027834e-04
7.18272979e-04
7.30862769e-04
9.40502286e-04
8.66318290e-04
6.87031562e-04
6.74774205e-04
8.58263526e-04
7.63028245e-04
7.51738091e-04
8.97770314e-04
9.39397203e-04
1.15367407e-03
8.69738539e-04
7.46056954e-04
8.36177547e-04
8.39617029e-04
9.14630866e-04
7.89005209e-04
7.13107117e-04
8.03396472e-04
9.33232438e-04
1.04774472e-03
9.61001773e-04
8.85618112e-04
8.98324320e-04
9.60485780e-04
7.39412274e-04
9.95213047e-04
7.46704537e-04
9.48789043e-04
8.76262897e-04
1.07027515e-03
8.39474230e-04
1.02058412e-03
9.95279974e-04
6.83359537e-04
9.49819529e-04
7.91891448e-04
8.49260927e-04
9.20360519e-04
8.81419112e-04
9.48017479e-04
7.45401048e-04
8.66355384e-04
8.52484954e-04
7.86431012e-04
7.12152099e-04
1.00472534e-03
8.64762300e-04
8.35797270e-04
9.03985412e-04
1.04165657e-03
1.04018942e-03
8.04751006e-04
7.19597531e-04
7.51879255e-04
5.72474910e-04
6.23824670e-04
5.58269617e-04
6.68753778e-04
3.12514944e-03
9.43201224e-04
2.00663170e-05
2.98293232e-06
