0.0
0.01553679 
0.01571014 
0.
0.00174994 
0.00178613
0.
0.01101544 
0.01089615 
0.
0.00487999 
0.00535484
0.
0.
0.
0.
0.01549075
0.01600945
0.01634518 
0.01568669 
0.01507214 
0.01574559 
0.01636641 
0.01596573
0.
0.0138764
0.01463768 
0.0003714
0.00043868 
0.00044413
0.00027937 
0.
0.00031474 
0.00875995 
0.01215192 
0.01413722
0.
0.014109 
0.
0.0004392
0.01185061
0.00763451
0.00449308 
0.00022142 
0.
0.00024668 
0.
0.
0.
0.
0.
0.
0.
0.
0.
0.
0.
0.
0.
0.
0.
0.
0.
0.
0.
0.
0.
0.
0.
0.
0.
0.
0.
0.
0.
0.
0.
0.
0.
0.
0.
0.
0.
0.
0.
0.
0.
0.
0.
0.
0.
0.
0.
0.
0.
0.
0.
0.
0.
0.
0.
0.
0.
0.
0.
0.
0.
0.
0.
0.
0.
0.
0.
0.
0.
0.
0.00034226 
0.01074845 
0.01984178 
0.01831532
0.01703696 
0.03642437 
0.02614402 
0.01607305 
0.01291384 
0.01384305
0.00789457 
0.01165789 
0.01175808 
0.01096071 
0.00800181 
0.00885595
0.0097704 
0.0093803 
0.0086704 
0.00835193 
0.01017566 
0.00280526
0.00026684 
0.01375532 
0.01440516
0.01676591 
0.01449145 
0.00043967
0.01059146 
0.00292428 
0.00337102 
0.00328534 
0.00321244 
0.00463974
0.00372581 
0.00368206 
0.00397532 
0.003829
0.00410106 
0.01094243
0.01603843 
0.02034655 
0.01920433 
0.02144919 
0.02063061 
0.02218024
0.02211752 
0.01669793 
0.0136583 
0.01305191 
0.0108364 
0.01204894
0.01529345 
0.0117394
0.0121167
0.01337026 
0.01395771 
0.01378423
0.01509017
