0.01145391
0.01190522
0.00262692
0.0028688 
0.00892826
0.00955339
0.00595947
0.00592291
0.01151838
0.01353629
0.01358932
0.01221862
0.01121938
0.01355105
0.01426976
0.01254448
0.01492006
0.0141266
0.00706234
0.00948354
0.01470098
0.01461563
0.01280313
0.00554595
0.0030371 
0.00833257
0.01472952
0.0160237 
0.0148794 
0.03213833
0.0227836 
0.01638152
0.01327855
0.01344918
0.00680466
0.00985865
0.00815279
0.00765099
0.00555433
0.00607315
0.0092598 
0.00905693
0.00751117
0.00814252
0.00874164
0.00539348
0.00657464
0.01010945
0.00632176
0.00293755
0.00323566
0.00437918
0.0018994 
0.00226222
0.00219897
0.00382049
0.00286743
0.00267496
0.00281445
0.00295728
0.00315907
0.00329889
0.00833792
0.01382881
0.01375884
0.0118016
0.01503285
0.02058639
0.02155713
0.01899818
0.01363785
0.01199817
0.01038019
0.01007871
0.01050042
0.01130211
0.00837464
0.00931368
0.01262142
0.01165333
0.01183437
0.01055426
0.00796552
0.00774941
0.00674744
0.00571029
0.00487066
0.00506223
0.00552603
0.00535622
0.00598201
0.00547158
0.00482579
0.00628911
0.00597561
0.00568281
0.00523155
0.00487485
0.00583881
0.00484897
0.00421466
0.00538596
0.0056853 
0.00647285
0.00614469
0.00400673
0.00380847
0.00344353
0.00200273
0.0014527 
0.00207179
0.00177598
0.0019611 
0.00179526
0.0020152 
0.00220611
0.00203818
0.00090188
0.00114348
0.00095066
0.00095304
0.00105454
0.00095155
0.00122881
0.00119689
0.00119136
0.00088535
0.00115127
0.00123816
0.00113045
0.00124974
0.00119123
0.00111785
0.00109012
0.00106324
