guesses, answers
0.0,0.3088993342574893,0.00014030211896511895,0.0006234678728203111,0.19919772488528006,0.09214784105180848,0.07919478077570678,0.3197965490379297
0.0,0.13120737402787186,0.0,4.6948356807511736e-06,0.22359864358116105,0.18818291904638487,0.30679753893819434,0.1502088295707072
0.0,0.06123567035189949,0.0,0.0005114062438714821,0.3307786328079445,0.49327889610238107,0.03919669269370772,0.07499870180019576
0.0,0.28705445826179704,0.0,0.0014936922275469095,0.08309873366543692,0.12790283568953886,0.21124994893426094,0.2892003312214194
0.0,0.07549083598273106,0.0,2.7588608574524068e-05,0.559754790919325,0.05549307879993834,0.2287987151928151,0.08043499049661616
0.0,0.24549768268279046,0.0,0.0004208390361805942,0.04332582536018664,0.032722857809014835,0.43207472178129147,0.24595807333053624
0.0,0.08960448104144528,0.0,2.7588608574524068e-05,0.23096013319511247,0.21372901205045125,0.3673349380019783,0.09834384710243867
0.0,0.16852192348217887,0.0,0.0007503509462578062,0.08689382246526106,0.43013015193927956,0.14506150611240423,0.1686422450546187
0.0,0.0654009354992628,0.03036040155811389,0.00016582903577846798,0.3124340586209266,0.1857349009017712,0.3320661825809852,0.07383769180316196
0.0,0.03328478379366909,0.0,0.00042972553719077537,0.19174915413474508,0.7076851500342588,0.033056453168594194,0.03379473333154202
1.0,0.0,0.982,0.018,0.0,0.0,0.0,0.0
1.0,0.00013333333333333334,0.9006666666666666,0.09433333333333332,0.0003333333333333333,0.0033,0.0002,0.0010333333333333334
1.0,0.0,0.989,0.011,0.0,0.0,0.0,0.0
1.0,0.0,0.985,0.015,0.0,0.0,0.0,0.0
1.0,0.0,0.951,0.045,0.001,0.002,0.001,0.0
1.0,0.0,0.999,0.001,0.0,0.0,0.0,0.0
1.0,0.0005,0.968,0.031,0.0,0.0,0.0,0.0005
1.0,0.0,0.974,0.024,0.001,0.001,0.0,0.0
1.0,0.0,0.908,0.092,0.0,0.0,0.0,0.0
1.0,0.0,0.497,0.503,0.0,0.0,0.0,0.0
2.0,0.0,0.1802,0.8198,0.0,0.0,0.0,0.0
2.0,0.0,0.009611290529121614,0.9903887094708784,0.0,0.0,0.0,0.0
2.0,0.0,0.013,0.987,0.0,0.0,0.0,0.0
2.0,0.0,0.0016112905291216161,0.9983887094708784,0.0,0.0,0.0,0.0
2.0,0.0,0.01280925702341164,0.9871907429765884,0.0,0.0,0.0,0.0
2.0,0.0,0.0031666666666666666,0.9968333333333333,0.0,0.0,0.0,0.0
2.0,0.0,0.3792,0.6207999999999999,0.0,0.0,0.0,0.0
2.0,0.0,0.29719999999999996,0.7028,0.0,0.0,0.0,0.0
2.0,0.0,0.004,0.996,0.0,0.0,0.0,0.0
2.0,0.0,0.017277957195788285,0.9827220428042118,0.0,0.0,0.0,0.0
3.0,0.06271187905730294,0.0,0.005320082251147891,0.09935223528473962,0.6057371771410328,0.16627005575252526,0.060608570513251685
3.0,0.2135720200260638,0.0,0.00030805593401587956,0.2599383530682676,0.09853996404771422,0.21712104740931162,0.21052055951462667
3.0,0.07834578484139501,0.00026118568095333705,0.0020613944605120233,0.31663809683351746,0.4153294854503271,0.11674125373668433,0.07062279899661053
3.0,0.03747499641613495,0.0,0.0004697395772048154,0.44420457162062965,0.43144462094850955,0.04494084300802636,0.04146522842949478
3.0,0.05540083987062198,0.002785918557234968,0.0002491195108766036,0.1403427327258393,0.5810997778545054,0.1601908443567344,0.059930767124187385
3.0,0.3667327763681324,0.00037395456983790203,0.0008233867362003965,0.0764573335047245,0.08049542836340358,0.08477006770815254,0.3903470527495483
3.0,0.09347204404196059,0.0,0.0005183342845005945,0.41873689871697667,0.2907924063568032,0.09080500124628461,0.10567531535347464
3.0,0.4096342892556412,0.0,0.00019970328902219249,0.09126366493904298,0.03724498580877566,0.04419940276329553,0.41745795394422275
3.0,0.13237466992961452,0.0,2.7588608574524068e-05,0.12971710670861084,0.46985396360004883,0.1317054239763489,0.1363212471768023
3.0,0.4289100792616828,0.0,0.0017378770860089418,0.08130749219860216,0.061085178365430946,0.017403340793922625,0.4095560322943522
4.0,0.189264649050866,0.0,0.0011299595413453586,0.3662501030826177,0.0749849708073794,0.17945088475943408,0.18891943275835738
4.0,0.29298033372637705,0.001481648350950448,3.0507836840941525e-05,0.1363942602504401,0.2266201470703247,0.025288134599024507,0.3172049681660426
4.0,0.044535981170146226,0.0,2.7588608574524068e-05,0.4224957330505915,0.27740474429492556,0.2075274769675576,0.048008475908204576
4.0,0.07832143459396051,0.0,0.001290506252130088,0.5607844224487938,0.11070912538935522,0.15723325135447105,0.09166125996128943
4.0,0.05996356638985016,0.0,0.0011072466559924243,0.4077663768506016,0.24318429270790526,0.22311091002595887,0.06486760736969183
4.0,0.31962475621135505,0.00019027842169155266,0.00028897983953193006,0.02120393184272901,0.21905111492172025,0.13924881030028727,0.3003921284626848
4.0,0.37675400578515655,0.0005303159425398699,0.00041994615466502236,0.03131993028836893,0.06598558879208688,0.14863142432313697,0.3763587887140455
4.0,0.02919861062858126,0.027031379704329606,0.00020148885762328464,0.55811582589588,0.06969119195681152,0.28755885404555165,0.028202648911222754
4.0,0.1548504590458015,0.0,0.0012496794418109772,0.12539063930212938,0.07329910551500278,0.49767042946907564,0.14753968722617986
4.0,0.045594894925584856,0.0,2.7588608574524068e-05,0.23468239539598637,0.3159345429651157,0.3582804908931421,0.04548008721159629
5.0,0.1320713613144305,0.0,0.004658780791699572,0.19502684114332985,0.34692384020632494,0.19060964092311414,0.13070953562110094
5.0,0.23245739304201377,0.0,0.0008096235780223196,0.06924987836936995,0.17253655860735026,0.3051569350746082,0.21978961132863525
5.0,0.15682964603255992,0.0003649764255811304,0.0005261193556594946,0.049848779828710874,0.13414571827407,0.5128098680736233,0.14547489200979527
5.0,0.1817270326559964,0.0,0.04913657859994624,0.05247865771583324,0.44909003619797666,0.09421818319278218,0.1733495116374653
5.0,0.1491784412784051,0.00013372317159669788,0.0066003520997045375,0.35310844787453616,0.31769656439897964,0.015768485974496257,0.1575139852022818
5.0,0.03180165317734182,0.0,2.7588608574524068e-05,0.2851424054622634,0.42998259459130755,0.2194163987463801,0.03362935941413236
5.0,0.1672239630334898,0.0002876028625807241,0.0009136700582508118,0.3943771820116178,0.10337449654234954,0.1825097244343376,0.1513133610573737
5.0,0.061345901491944806,0.0015324420017440988,3.0507836840941525e-05,0.5305503042064842,0.32082527527545274,0.019707426418316326,0.06600814276921697
5.0,0.1695837230269463,0.0,2.7588608574524068e-05,0.0613875324689529,0.13056690573603613,0.45125422663969095,0.18718002351979934
5.0,0.13822979521437803,0.0003649764255811304,0.0005261193556594946,0.05125063974220523,0.09551658470687117,0.5790508164673931,0.13506106808791168
6.0,0.3088993342574893,0.00014030211896511895,0.0006234678728203111,0.19919772488528006,0.09214784105180848,0.07919478077570678,0.3197965490379297
6.0,0.13120737402787186,0.0,4.6948356807511736e-06,0.22359864358116105,0.18818291904638487,0.30679753893819434,0.1502088295707072
6.0,0.06123567035189949,0.0,0.0005114062438714821,0.3307786328079445,0.49327889610238107,0.03919669269370772,0.07499870180019576
6.0,0.28705445826179704,0.0,0.0014936922275469095,0.08309873366543692,0.12790283568953886,0.21124994893426094,0.2892003312214194
6.0,0.07549083598273106,0.0,2.7588608574524068e-05,0.559754790919325,0.05549307879993834,0.2287987151928151,0.08043499049661616
6.0,0.24549768268279046,0.0,0.0004208390361805942,0.04332582536018664,0.032722857809014835,0.43207472178129147,0.24595807333053624
6.0,0.08960448104144528,0.0,2.7588608574524068e-05,0.23096013319511247,0.21372901205045125,0.3673349380019783,0.09834384710243867
6.0,0.16852192348217887,0.0,0.0007503509462578062,0.08689382246526106,0.43013015193927956,0.14506150611240423,0.1686422450546187
6.0,0.0654009354992628,0.03036040155811389,0.00016582903577846798,0.3124340586209266,0.1857349009017712,0.3320661825809852,0.07383769180316196
6.0,0.03328478379366909,0.0,0.00042972553719077537,0.19174915413474508,0.7076851500342588,0.033056453168594194,0.03379473333154202
0.0,0.4293219335641143,0.0,0.039449723154446184,0.04945613195110532,0.03744132920809261,0.014003150526899476,0.4303277315953419
0.0,0.45246720989014666,0.0,0.0002019513367433268,0.013705424610265214,0.05298876810180094,0.027784585802050375,0.4528520602589935
0.0,0.41072116589085367,0.0,0.0007514782230354566,0.030316790759261802,0.11254037772950208,0.03187573232203281,0.4137944550753142
0.0,0.43236066454712596,0.0,0.00043752972603351036,0.025907608318325254,0.05903419632124159,0.029341768940126408,0.45291823214714744
0.0,0.3667327763681324,0.00037395456983790203,0.0008233867362003965,0.0764573335047245,0.08049542836340358,0.08477006770815254,0.3903470527495483
0.0,0.25644405748425697,0.0,4.6948356807511736e-06,0.0816196898273561,0.2773800388515872,0.10004990345660389,0.28450161554451536
0.0,0.4539378434381207,0.0,0.0014936922275469095,0.019452937226723047,0.06258305821597597,0.02528102037485292,0.4372514485167805
0.0,0.38955103137043146,0.0,0.0010463469995049984,0.05680091873940145,0.09234649861179398,0.058313356126973755,0.40194184815189443
0.0,0.3958297393507802,0.00019027842169155266,0.0003438707614179258,0.024836243050219246,0.10009821701917358,0.04138797408836221,0.4373136773083547
0.0,0.4221160966213332,0.0,0.00032657445253439813,0.04027215657585214,0.07362047522529393,0.07939853489394767,0.3842661622310386
0.0,0.4181077247744213,0.0007944505078570316,0.00018168929414792673,0.04589560572715145,0.07520261335510574,0.03314830878126462,0.4266696075600516
0.0,0.39900730123941486,0.0006031049663888206,0.0005622913474870643,0.06617020550972236,0.07622603591397607,0.08681414598598608,0.37061691503702443
0.0,0.4131283781958296,0.00014030211896511895,0.0006234678728203111,0.04721539443597413,0.10969275111364428,0.03681496286087627,0.3923847434018898
0.0,0.38304593441109475,0.001424143477656101,3.0507836840941525e-05,0.12015280555790184,0.03864772925479538,0.03820297070890707,0.4184959087528035
0.0,0.3600273780377073,0.0,4.6948356807511736e-06,0.07025852896169531,0.07520565039553867,0.1249167397207457,0.3695870080486323
0.0,0.4188196960281544,0.0,0.00029051341831188074,0.06126184585907188,0.07480110212082718,0.0314946886123717,0.413332153961263
0.0,0.41540915674049295,0.00014030211896511895,0.0006234678728203111,0.06649076649009529,0.044721011636041245,0.0368277506658561,0.4357875444757288
0.0,0.45915160013687933,0.0,0.0011261061347484648,0.01745295408439866,0.04640309947336659,0.03192531947400178,0.443940920696605
0.0,0.3240938974253133,0.0,0.00423041712518024,0.03934237195956909,0.2815745873145298,0.048351269585562295,0.30240745658984514
0.0,0.3522083648245168,0.003736513898729899,0.00018524651150662332,0.12376315896434811,0.10094686320569714,0.046791427829272945,0.37236842476592846
0.0,0.40903374600113385,0.00031344908400634473,0.0005384227362350618,0.04348563178376165,0.058770270446059696,0.11251883444180046,0.37533964550700255
0.0,0.40854503741286813,0.0010429303869190203,0.00039044708230880716,0.03864513615038866,0.0642257687300825,0.08060206284613049,0.40654861739130227
0.0,0.46027410229323434,0.0,0.008039916586744864,0.03176071315217293,0.035191206698201825,0.023177832974722434,0.44155622829492336
0.0,0.3628048711795725,0.00042503951064421544,0.0004935388779855591,0.09364086429449794,0.050733953630038235,0.12123309771046864,0.37066863479679285
0.0,0.3207254906098109,0.00033189275497255255,0.00021296357542220805,0.020204775855066113,0.30578234065537935,0.041200797986782646,0.31154173856256573
0.0,0.36092491299887,0.0,2.7588608574524068e-05,0.08243053332069154,0.0671737128526787,0.1243714118264524,0.36507184039273294
0.0,0.38451886398454166,0.0,1.2891556992226585e-05,0.061865544108062456,0.089675288504895,0.07674891234183127,0.38717849950367744
0.0,0.4233304121361306,0.000391416564496362,0.00021296357542220805,0.033350214634060016,0.07039597176200373,0.04657601535106411,0.4257430059768225
0.0,0.3937036369196914,0.0,1.2891556992226585e-05,0.04635262291917767,0.08695838603022578,0.05693417771100004,0.416038284862913
0.0,0.43155531046793627,0.0,0.0011127365672707434,0.014882162462370514,0.08737539605892236,0.029497910249098744,0.4355764841944015
0.0,0.4433532494906772,0.0,0.0003674648661023483,0.029471399049732845,0.048473038001087834,0.010657372084149602,0.46767747650825003
0.0,0.35759817070207417,0.0,2.7588608574524068e-05,0.0589742917807335,0.08511836534996678,0.13532056961335712,0.3629610139452942
0.0,0.4217238259491986,0.00022083397724710816,0.00028897983953193006,0.025747661811750422,0.07900930867338933,0.06445217629132488,0.4085572134575574
0.0,0.44353953038844623,0.0,0.0010652442693411446,0.026683565392282706,0.03265152528997422,0.026493543926317146,0.46956659073363854
0.0,0.39749751658917626,0.000860441848725703,0.000512966672162389,0.039802182637992956,0.052363765855759324,0.12980196675000247,0.3791611596461805
0.0,0.4289100792616828,0.0,0.0017378770860089418,0.08130749219860216,0.061085178365430946,0.017403340793922625,0.4095560322943522
0.0,0.3953681994485013,0.0004739244026844472,0.0006028718251609998,0.042291977356252966,0.06263757298739112,0.10129179023186342,0.39733366374814516
0.0,0.30982024559786514,0.0006197338401605516,0.0005702913474870642,0.04630805693284635,0.2581810243443628,0.08446205291857675,0.30003859501870106
0.0,0.4301730232834091,0.0,0.0017304951171490275,0.06490426335104695,0.015127701484110755,0.045900878788534175,0.4421636379757498
0.0,0.3911665226437933,0.0,0.0008096235780223196,0.08952118714984574,0.08093196327925554,0.06465975329800651,0.3729109500510767
0.0,0.3945718864476091,0.0002960201141533154,0.0012026195882252392,0.040668695064511304,0.05125551716280984,0.14676047337623135,0.36524478824645934
0.0,0.385473188902915,0.0,7.533325102149845e-05,0.04449933045268186,0.07217541014632721,0.07855899994405564,0.4192177373029991
0.0,0.38984358406388614,0.0004739244026844472,0.0006028718251609998,0.04261890043317603,0.0709982140130322,0.08538768766776082,0.4100748175942988
0.0,0.46964462101162635,0.0,0.00022097988476687332,0.026955609136823024,0.032613147622347786,0.025585554559903242,0.44498008778453263
0.0,0.3465011305155165,0.0,4.6948356807511736e-06,0.11175497843340661,0.0953949735049664,0.08481195466640852,0.3615322680440213
0.0,0.2866201183557391,0.0005241769279369726,0.0006028718251609998,0.0534278414915973,0.2607545407280167,0.10442059344617644,0.29364985722537235
0.0,0.40048998311318906,0.00023551462832175813,0.0009435936973492277,0.03786887734557573,0.07878302275564521,0.08874378867821979,0.3929352197816989
0.0,0.35417247261364204,0.0003649764255811304,0.0005465275189248008,0.05787215398692704,0.062041586647835927,0.15812246601083182,0.3668798167962568
0.0,0.4028730684743088,0.00022481027642259278,0.0020972956901523054,0.07836949019959423,0.08663361133151551,0.045060061960517823,0.3847416620674885
0.0,0.3980461794034304,0.0,2.7588608574524068e-05,0.03587724004319111,0.05461639435659687,0.12544368016360322,0.38598891742460373
0.0,0.4417008498225312,0.0,0.0016064753297116243,0.0403343576747696,0.015375680674597712,0.054382112877083,0.44660052362130664
0.0,0.4219809147034742,0.0,0.0009997531790066469,0.047691159555687035,0.04767744547337339,0.03920447218998362,0.44244625489847517
0.0,0.4209639490340509,0.0,0.0005880829018962707,0.04250550412445267,0.09145371635221633,0.026423854221651732,0.41806489336573205
0.0,0.43972769082913465,0.0,0.0010013162981445745,0.030742531322858837,0.06784174435099369,0.021586312129038755,0.4391004050698294
0.0,0.46117720156186837,0.0,0.000353766235965362,0.02011141581704771,0.047015823057911035,0.009847210737735469,0.461494582589472
0.0,0.3634765286882529,0.0,4.6948356807511736e-06,0.09228407384108782,0.06312853669765453,0.11544159852736108,0.36566456740996295
0.0,0.41749626336149137,0.0006564869946184929,3.0507836840941525e-05,0.11621478908286058,0.02737621104011303,0.02488523136901797,0.41334051031505764
0.0,0.39335735599015503,0.0,0.0012909560375556576,0.046807932984284824,0.06519437789678885,0.08792612962337092,0.4054232474678446
0.0,0.430855555800035,0.003,0.0,0.07220731573918072,0.015127571227399602,0.022923644290492116,0.45588591294289255
0.0,0.4385740297739707,0.007,0.007061443056686185,0.010193734308228094,0.0411066323338323,0.0519581511810975,0.4441060093461852
0.0,0.4133053142370654,0.0,9.510844032643208e-05,0.08624998169182561,0.017137529725369034,0.046112333061444515,0.43709973284396925
0.0,0.4037194387832002,0.008500396220472908,0.00011839333963439041,0.09077223505710817,0.0568237260190323,0.030833012987576198,0.4092327975929758
0.0,0.4596133912147428,0.0,0.00019970328902219249,0.01647815943353744,0.031052009975799807,0.032363655587548334,0.4602930804993493
0.0,0.4027200427658947,0.00031344908400634473,0.0006288769743566427,0.04147325593921562,0.07248538226643796,0.06863822088057428,0.4137407720895141
0.0,0.39240829368673336,0.0,0.000835309625589557,0.10421045264877266,0.0829817684334444,0.03270625749056724,0.38685791811489295
0.0,0.41737003913344484,0.0,0.02256598089450134,0.044444747707330784,0.044854072411522776,0.05545536198339195,0.4153097978698084
0.0,0.35711765269493945,0.0,0.0005767947417604992,0.10863856939591292,0.05319517030765494,0.07797508711255866,0.4024967257471736
0.0,0.43401528111823146,0.00019027842169155266,0.00028897983953193006,0.021695041898546152,0.07821341519378557,0.03765560505424943,0.42794139847396334
0.0,0.3974483906306468,0.0,0.0006104920256186189,0.07373367122824603,0.06312359584773382,0.07360616482265371,0.39147768544510125
0.0,0.4142645784772828,0.00023182298823611915,0.00027028825074688336,0.024670885179480885,0.08134452839139024,0.06546484909091027,0.41375304762195236
0.0,0.4151354991809791,0.001,4.6948356807511736e-06,0.07447067417316423,0.047652928144824164,0.05318222779039724,0.40855397587495446
0.0,0.420235955251241,0.0,0.0005436493882055018,0.06436696842890446,0.05575929024911565,0.01639693354461809,0.4426972031379151
0.0,0.3557530880794295,0.0003649764255811304,0.0005261193556594946,0.06142548005509192,0.05146285353135519,0.1317017102736662,0.39876577227921617
0.0,0.3786238024034184,0.0002960201141533154,0.0012026195882252392,0.04941607406555629,0.08547059442293772,0.10602242352584931,0.37896846587985944
0.0,0.42764327248995443,0.0,0.0005152148513656946,0.05076694475981418,0.033207215960420956,0.05080021262142334,0.43706713931702146
0.0,0.3779693106658878,0.00034985818429573333,0.0008879028652326545,0.04907109203643652,0.10026452903858606,0.0997239952136748,0.3717333119958861
0.0,0.4391272115718367,0.0,0.000353766235965362,0.04589789201949703,0.03748870207016992,0.009805470966611727,0.4673269571359192
0.0,0.34914280234048967,0.0,2.7588608574524068e-05,0.07999324202550279,0.05481854430055277,0.1503508921392242,0.3656669305856562
0.0,0.4050889510923635,0.00014754849577671314,0.00039984224091881715,0.037659320374154176,0.11002661997895717,0.03748215068663724,0.4091955671311918
0.0,0.38758611638772095,0.0004739244026844472,0.0006028718251609998,0.04607693524490399,0.06139176182231042,0.10324105517118869,0.40062733514603005
0.0,0.3871475333757321,0.0,4.6948356807511736e-06,0.07254661720432908,0.07907699330956562,0.056608286382020284,0.4046158748926721
0.0,0.388232026408175,0.0017622243735286192,7.715614625154346e-05,0.09437260765597802,0.04453544267887319,0.07619300326345711,0.39482753947373656
0.0,0.39409405724291247,0.003091027464581711,0.0001000569096103221,0.10147167007739415,0.13228970075613064,0.0397716381519978,0.3291818493973731
0.0,0.45863473109938646,0.0,0.0004108827411775702,0.03411561512886238,0.037755114551373994,0.04707026713103475,0.4220133893481647
0.0,0.44273585126271414,0.0,0.0010399165867448627,0.031060889416208128,0.03632473711415721,0.028351383654102315,0.4604872219660732
0.0,0.4078061649227392,0.0004739244026844472,0.0006028718251609998,0.042535511348344004,0.07092790463764555,0.08519589328010929,0.39245772958331604
0.0,0.36402565124058633,0.00032397826711146835,0.0012026195882252392,0.08541562775179123,0.0992314672598582,0.09503997827297991,0.35476067761944735
0.0,0.41694816853375666,0.0,0.0005880829018962707,0.08683205335316495,0.045931892326313714,0.016973169882286584,0.4327266330025816
0.0,0.41578718635974565,0.0,0.0009997531790066469,0.05108312074764824,0.0678882958842238,0.03553142001693146,0.4287102238124443
0.0,0.40701377353847207,0.0010044032013827079,0.000512966672162389,0.03852375122842672,0.048950722268474404,0.14190278694168373,0.3620915961493979
1.0,0.0,0.995,0.005,0.0,0.0,0.0,0.0
1.0,0.0,0.995,0.005,0.0,0.0,0.0,0.0
1.0,0.0,0.7734,0.2266,0.0,0.0,0.0,0.0
1.0,0.0,0.997,0.003,0.0,0.0,0.0,0.0
1.0,0.0,0.973,0.027,0.0,0.0,0.0,0.0
1.0,0.0005,0.979,0.02,0.0,0.0,0.0,0.0005
1.0,0.0,0.8318,0.1682,0.0,0.0,0.0,0.0
1.0,0.0,0.975,0.024,0.0,0.0,0.001,0.0
1.0,0.0,0.997,0.003,0.0,0.0,0.0,0.0
1.0,0.0,0.998,0.002,0.0,0.0,0.0,0.0
1.0,0.0,0.999,0.0,0.0,0.001,0.0,0.0
1.0,0.0,0.967,0.033,0.0,0.0,0.0,0.0
1.0,0.0,0.997,0.003,0.0,0.0,0.0,0.0
1.0,0.0,0.9230666666666666,0.07693333333333334,0.0,0.0,0.0,0.0
1.0,0.0,0.994,0.006,0.0,0.0,0.0,0.0
1.0,0.0,0.9982241379310345,0.0017758620689655173,0.0,0.0,0.0,0.0
1.0,0.0,0.878,0.122,0.0,0.0,0.0,0.0
1.0,0.0,0.981,0.019,0.0,0.0,0.0,0.0
1.0,0.0,0.993,0.007,0.0,0.0,0.0,0.0
1.0,0.0,0.835,0.165,0.0,0.0,0.0,0.0
1.0,0.0,0.994,0.006,0.0,0.0,0.0,0.0
1.0,0.0,0.8776572611803344,0.12234273881966581,0.0,0.0,0.0,0.0
1.0,0.0,0.8259558840075385,0.17404411599246133,0.0,0.0,0.0,0.0
1.0,0.0,0.984,0.016,0.0,0.0,0.0,0.0
1.0,0.0,0.997,0.003,0.0,0.0,0.0,0.0
1.0,0.0,0.98,0.02,0.0,0.0,0.0,0.0
1.0,0.0,0.9814666666666667,0.018533333333333332,0.0,0.0,0.0,0.0
1.0,0.0,0.8936666666666666,0.10533333333333333,0.0,0.0,0.001,0.0
1.0,0.0,0.8741232784963515,0.12587672150364848,0.0,0.0,0.0,0.0
1.0,0.0,0.8831666666666667,0.11683333333333333,0.0,0.0,0.0,0.0
1.0,0.0,0.996,0.004,0.0,0.0,0.0,0.0
1.0,0.0,0.9405322611803343,0.0594677388196658,0.0,0.0,0.0,0.0
1.0,0.0,0.8354769230769231,0.16452307692307694,0.0,0.0,0.0,0.0
1.0,0.0,0.997,0.003,0.0,0.0,0.0,0.0
1.0,0.0003469387755102041,0.9880238095238095,0.004,0.001445578231292517,0.00038435374149659864,0.00538095238095238,0.0004183673469387755
1.0,0.0,0.989,0.011,0.0,0.0,0.0,0.0
1.0,0.0,0.961,0.038,0.0,0.0,0.001,0.0
1.0,0.0,0.973,0.027,0.0,0.0,0.0,0.0
1.0,0.0,0.956,0.044,0.0,0.0,0.0,0.0
1.0,0.0,0.9952241379310345,0.004775862068965517,0.0,0.0,0.0,0.0
1.0,0.0,0.8406666666666667,0.15833333333333335,0.001,0.0,0.0,0.0
1.0,0.0,0.923,0.076,0.0,0.0,0.001,0.0
1.0,0.0,0.97905,0.02095,0.0,0.0,0.0,0.0
1.0,0.0,0.9561380952380951,0.04386190476190477,0.0,0.0,0.0,0.0
1.0,0.0,0.964,0.036,0.0,0.0,0.0,0.0
1.0,0.00020408163265306123,0.989,0.004,0.002183673469387755,0.0021224489795918363,0.002142857142857143,0.0003469387755102041
1.0,0.0,0.9536666666666667,0.04633333333333334,0.0,0.0,0.0,0.0
1.0,0.0,0.996,0.004,0.0,0.0,0.0,0.0
1.0,0.0,0.985,0.015,0.0,0.0,0.0,0.0
1.0,0.006377246236036911,0.972,0.005,0.005119718309859155,0.003396308887809616,0.002280233122875182,0.005826493443419135
1.0,0.0,0.986,0.014,0.0,0.0,0.0,0.0
1.0,0.0036285679528656723,0.9390054347826088,0.004,0.012489064210506624,0.017513250762741343,0.01840658963369427,0.004957092657583395
1.0,0.0,0.992,0.008,0.0,0.0,0.0,0.0
1.0,0.0,0.95905,0.04095,0.0,0.0,0.0,0.0
1.0,0.0,0.9451904761904761,0.05480952380952381,0.0,0.0,0.0,0.0
1.0,0.0,0.973,0.027,0.0,0.0,0.0,0.0
1.0,0.0,0.958,0.042,0.0,0.0,0.0,0.0
1.0,0.0,0.994,0.006,0.0,0.0,0.0,0.0
1.0,0.0,0.996,0.004,0.0,0.0,0.0,0.0
1.0,0.0,0.993,0.007,0.0,0.0,0.0,0.0
1.0,0.0,0.9821666666666666,0.017833333333333336,0.0,0.0,0.0,0.0
1.0,0.0,0.7842325396825396,0.21576746031746033,0.0,0.0,0.0,0.0
1.0,0.0,0.918,0.082,0.0,0.0,0.0,0.0
1.0,0.0,0.964,0.036,0.0,0.0,0.0,0.0
1.0,0.0,0.89,0.109,0.0,0.0,0.001,0.0
1.0,0.0,0.992,0.008,0.0,0.0,0.0,0.0
1.0,0.0,0.996,0.004,0.0,0.0,0.0,0.0
1.0,0.0,0.999,0.001,0.0,0.0,0.0,0.0
1.0,0.030559925716366,0.5095291325468866,0.00020584169336774759,0.14191228503631928,0.06782777746874821,0.21806773571224475,0.031897301826067405
1.0,0.0,0.9666666666666667,0.03233333333333333,0.0,0.0,0.001,0.0
1.0,0.0036099099099099097,0.978,0.001,0.005317117117117118,0.0022201801801801802,0.0067863063063063065,0.0030664864864864863
1.0,0.0,0.997,0.002,0.0,0.001,0.0,0.0
1.0,0.0,0.996,0.004,0.0,0.0,0.0,0.0
1.0,0.0,0.8992718896074626,0.10072811039253737,0.0,0.0,0.0,0.0
1.0,0.0,0.9079385562741292,0.0920614437258707,0.0,0.0,0.0,0.0
1.0,0.0,0.996,0.004,0.0,0.0,0.0,0.0
1.0,0.0,0.9962241379310345,0.0037758620689655174,0.0,0.0,0.0,0.0
1.0,0.0,0.9852241379310346,0.014775862068965518,0.0,0.0,0.0,0.0
1.0,0.0,0.9952241379310345,0.004775862068965517,0.0,0.0,0.0,0.0
1.0,0.0,0.9962241379310345,0.0037758620689655174,0.0,0.0,0.0,0.0
1.0,0.0,0.9951666666666666,0.004833333333333334,0.0,0.0,0.0,0.0
1.0,0.0,0.957,0.043,0.0,0.0,0.0,0.0
1.0,0.0,0.719144829598506,0.27885517040149393,0.001,0.001,0.0,0.0
1.0,0.0,0.991,0.009,0.0,0.0,0.0,0.0
1.0,0.0,0.914,0.086,0.0,0.0,0.0,0.0
1.0,0.0,0.9455520600089565,0.05344793999104344,0.0,0.001,0.0,0.0
1.0,0.0,0.973,0.027,0.0,0.0,0.0,0.0
1.0,0.0,0.999,0.001,0.0,0.0,0.0,0.0
1.0,0.0,0.999,0.001,0.0,0.0,0.0,0.0
1.0,0.0,0.9774342028660994,0.02256579713390058,0.0,0.0,0.0,0.0
2.0,0.0,0.0011666666666666668,0.9988333333333334,0.0,0.0,0.0,0.0
2.0,0.0,0.002,0.998,0.0,0.0,0.0,0.0
2.0,0.0,0.005277957195788281,0.9947220428042118,0.0,0.0,0.0,0.0
2.0,0.0,0.002,0.998,0.0,0.0,0.0,0.0
2.0,0.0,0.002611290529121617,0.9973887094708784,0.0,0.0,0.0,0.0
2.0,0.0,0.006277957195788281,0.9937220428042118,0.0,0.0,0.0,0.0
2.0,0.0,0.030276923076923076,0.9697230769230769,0.0,0.0,0.0,0.0
2.0,0.0,0.02732466738524041,0.9726753326147596,0.0,0.0,0.0,0.0
2.0,0.0,0.016,0.984,0.0,0.0,0.0,0.0
2.0,0.0,0.009166666666666668,0.9908333333333333,0.0,0.0,0.0,0.0
2.0,0.0,0.011,0.989,0.0,0.0,0.0,0.0
2.0,0.0,0.004166666666666666,0.9958333333333333,0.0,0.0,0.0,0.0
2.0,0.0,0.146,0.854,0.0,0.0,0.0,0.0
2.0,0.0,0.017611290529121616,0.9823887094708784,0.0,0.0,0.0,0.0
2.0,0.0,0.02,0.98,0.0,0.0,0.0,0.0
2.0,0.0,0.002,0.998,0.0,0.0,0.0,0.0
2.0,0.0,0.0013246673852404074,0.9986753326147596,0.0,0.0,0.0,0.0
2.0,0.0,0.001,0.999,0.0,0.0,0.0,0.0
2.0,0.0,0.044476923076923074,0.9555230769230769,0.0,0.0,0.0,0.0
2.0,0.0,0.002277957195788283,0.9977220428042118,0.0,0.0,0.0,0.0
2.0,0.0,0.001809257023411639,0.9981907429765884,0.0,0.0,0.0,0.0
2.0,0.0,0.0028717570234116393,0.9971282429765883,0.0,0.0,0.0,0.0
2.0,0.0,0.004611290529121615,0.9953887094708784,0.0,0.0,0.0,0.0
2.0,0.0,0.005,0.995,0.0,0.0,0.0,0.0
2.0,0.0,0.0016112905291216161,0.9983887094708784,0.0,0.0,0.0,0.0
2.0,0.0,0.173,0.827,0.0,0.0,0.0,0.0
2.0,0.0,0.35,0.65,0.0,0.0,0.0,0.0
2.0,0.0,0.16549920634920637,0.8345007936507937,0.0,0.0,0.0,0.0
2.0,0.0,0.30506666666666665,0.6949333333333334,0.0,0.0,0.0,0.0
2.0,0.0,0.0008717570234116396,0.9991282429765883,0.0,0.0,0.0,0.0
2.0,0.0,0.012611290529121619,0.9873887094708784,0.0,0.0,0.0,0.0
2.0,0.0,0.0892,0.9107999999999999,0.0,0.0,0.0,0.0
2.0,0.0,0.08247692307692307,0.9175230769230769,0.0,0.0,0.0,0.0
2.0,0.0,0.128,0.872,0.0,0.0,0.0,0.0
2.0,0.0,0.064,0.936,0.0,0.0,0.0,0.0
2.0,0.0,0.006324667385240406,0.9936753326147596,0.0,0.0,0.0,0.0
2.0,0.0,0.00587175702341164,0.9941282429765883,0.0,0.0,0.0,0.0
2.0,0.0,0.009166666666666668,0.9908333333333333,0.0,0.0,0.0,0.0
2.0,0.0,0.061,0.939,0.0,0.0,0.0,0.0
2.0,0.0,0.008611290529121617,0.9913887094708784,0.0,0.0,0.0,0.0
2.0,0.0,0.0012779571957882826,0.9987220428042118,0.0,0.0,0.0,0.0
2.0,0.0,0.05938715259808713,0.940612847401913,0.0,0.0,0.0,0.0
2.0,0.0,0.0007323339464885626,0.9992676660535115,0.0,0.0,0.0,0.0
2.0,0.0,0.00487175702341164,0.9951282429765883,0.0,0.0,0.0,0.0
2.0,0.0,0.006324667385240407,0.9936753326147596,0.0,0.0,0.0,0.0
2.0,0.0,0.015,0.985,0.0,0.0,0.0,0.0
2.0,0.0,0.001,0.999,0.0,0.0,0.0,0.0
2.0,0.0,0.0027948339464885625,0.9972051660535114,0.0,0.0,0.0,0.0
2.0,0.0,0.004611290529121615,0.9953887094708784,0.0,0.0,0.0,0.0
2.0,0.0,0.011277957195788285,0.9887220428042118,0.0,0.0,0.0,0.0
2.0,0.0,0.019276923076923077,0.9807230769230768,0.0,0.0,0.0,0.0
2.0,0.0,0.0013246673852404074,0.9986753326147596,0.0,0.0,0.0,0.0
2.0,0.0,0.0017948339464885622,0.9982051660535114,0.0,0.0,0.0,0.0
2.0,0.0,0.005166666666666667,0.9948333333333333,0.0,0.0,0.0,0.0
2.0,0.0,0.10847692307692307,0.891523076923077,0.0,0.0,0.0,0.0
2.0,0.0,0.005,0.995,0.0,0.0,0.0,0.0
2.0,0.0,0.0017323339464885624,0.9982676660535115,0.0,0.0,0.0,0.0
2.0,0.0,0.0013246673852404074,0.9986753326147596,0.0,0.0,0.0,0.0
2.0,0.0,0.0,1.0,0.0,0.0,0.0,0.0
2.0,0.0,0.001,0.999,0.0,0.0,0.0,0.0
2.0,0.0,0.01,0.99,0.0,0.0,0.0,0.0
2.0,0.0,0.005,0.995,0.0,0.0,0.0,0.0
2.0,0.0,0.002732333946488563,0.9972676660535115,0.0,0.0,0.0,0.0
2.0,0.0,0.002,0.998,0.0,0.0,0.0,0.0
2.0,0.0,0.003,0.997,0.0,0.0,0.0,0.0
2.0,0.0,0.0017323339464885624,0.9982676660535115,0.0,0.0,0.0,0.0
2.0,0.0,0.001809257023411639,0.9981907429765884,0.0,0.0,0.0,0.0
2.0,0.0,0.004732333946488562,0.9952676660535115,0.0,0.0,0.0,0.0
2.0,0.0,0.0023246673852404076,0.9976753326147596,0.0,0.0,0.0,0.0
2.0,0.0,0.004,0.996,0.0,0.0,0.0,0.0
2.0,0.0,0.32766666666666666,0.6713333333333333,0.0,0.0,0.001,0.0
2.0,0.0,0.024166666666666663,0.9758333333333333,0.0,0.0,0.0,0.0
2.0,0.0,0.010611290529121617,0.9893887094708784,0.0,0.0,0.0,0.0
2.0,0.0,0.009401590462163482,0.9905984095378365,0.0,0.0,0.0,0.0
2.0,0.0,0.0008717570234116396,0.9991282429765883,0.0,0.0,0.0,0.0
2.0,0.0,0.004166666666666666,0.9958333333333333,0.0,0.0,0.0,0.0
2.0,0.0,0.013,0.987,0.0,0.0,0.0,0.0
2.0,0.0,0.002,0.998,0.0,0.0,0.0,0.0
2.0,0.0,0.0013246673852404074,0.9986753326147596,0.0,0.0,0.0,0.0
2.0,0.0,0.008324667385240406,0.9916753326147596,0.0,0.0,0.0,0.0
2.0,0.0,0.0007948339464885627,0.9992051660535114,0.0,0.0,0.0,0.0
2.0,0.0,0.01,0.99,0.0,0.0,0.0,0.0
2.0,0.0,0.0013246673852404074,0.9986753326147596,0.0,0.0,0.0,0.0
2.0,0.0,0.001,0.999,0.0,0.0,0.0,0.0
2.0,0.0,0.0013246673852404074,0.9986753326147596,0.0,0.0,0.0,0.0
2.0,0.0,0.10116666666666665,0.8988333333333334,0.0,0.0,0.0,0.0
2.0,0.0,0.005732333946488563,0.9942676660535115,0.0,0.0,0.0,0.0
2.0,0.0,0.006,0.993,0.0,0.0,0.001,0.0
2.0,0.050195705177190325,0.00716279469261208,0.552202619588225,0.15486903055480597,0.14396364892831504,0.04279628331879562,0.04880991774005568
2.0,0.154389935975875,0.0,0.5282155442397285,0.05442219821190175,0.06406730792938305,0.049824747313384966,0.14908026632972682
3.0,0.1263361692900763,0.0005408435946036393,0.000588982936272111,0.4840500286854537,0.13405461592330634,0.1324373544517264,0.1219920051185621
3.0,0.09187807940073188,0.0,4.6948356807511736e-06,0.5894053466578629,0.08870438116193216,0.14070371801066983,0.08930377993312273
3.0,0.0743602364514828,0.0033006094689463244,0.0001000569096103221,0.6701141852238224,0.14826206924545562,0.03683462455454941,0.06702821814613323
3.0,0.03479306122602687,0.0,0.008902326588167168,0.5705993636903623,0.19384877495684608,0.15728946758589302,0.034567005952704774
3.0,0.08155645783079404,0.0002948492393923183,0.0010972956901523054,0.5469629851084373,0.09727579853310121,0.1883617938530765,0.08445081974504612
3.0,0.07144429210137525,0.0,0.00030805593401587956,0.5555297392853428,0.218894385445491,0.0877144729293156,0.06610905430445962
3.0,0.08027010427757808,0.0,0.0015894187254131941,0.7158433983707975,0.10465648114346228,0.018739346800705832,0.07890125068204366
3.0,0.11126006500643086,0.003525651300075309,0.0001945923058991467,0.605789042108368,0.06501587952043551,0.09359308870622511,0.1206216810525659
3.0,0.03649356978481617,0.0033006094689463244,0.0001000569096103221,0.6831141852238224,0.20426206924545556,0.03683462455454941,0.03589488481279989
3.0,0.10647815011740651,0.0,4.6948356807511736e-06,0.607207561539211,0.09091895628879612,0.08584904635983424,0.1095415908590716
3.0,0.03362156088029113,0.0,2.7588608574524068e-05,0.604477689572331,0.14589670081666475,0.1786192160979925,0.03735724402414661
3.0,0.05522093797064565,0.0,4.6948356807511736e-06,0.6101475612565919,0.20277230466018564,0.07619187712478262,0.05566262415211374
3.0,0.08959670671296857,0.0,0.0005880829018962707,0.6269732945606431,0.16408094624892716,0.01976446373392919,0.09899650584163615
3.0,0.08743369927300856,0.0,0.0005976280750938325,0.581185325220151,0.17107308750477127,0.06379620830982798,0.09591405161714726
3.0,0.08512521583511701,0.00030612112425432554,0.0012026195882252392,0.5231876606214776,0.16589012999650665,0.13966170855914475,0.0846265442752743
3.0,0.031075400812551383,0.0,1.8739510208600853e-05,0.5709722497213385,0.11347699827596058,0.24881030967613801,0.035646302003802754
3.0,0.07661003326975346,0.0,4.6948356807511736e-06,0.633302340130633,0.0852135952977324,0.12657456726793515,0.07829476919826552
3.0,0.11238452544366108,0.0015310190669055876,7.715614625154346e-05,0.6269696400790843,0.06847138989583244,0.07623663182638701,0.11432963754187787
3.0,0.1645751730808573,0.0,0.002118475601631378,0.6149804076403116,0.03053349536694316,0.031470548236784336,0.15632190007347255
3.0,0.028778895486852755,0.0037271615403492264,0.0002166831022276012,0.431968464462065,0.09997358954279838,0.40663702510022276,0.028698180765484423
3.0,0.0820569133103032,0.021258060244540963,0.00018524651150662332,0.5891180856763122,0.06668077963720909,0.16486132637058057,0.07583958824954712
3.0,0.0757077350250288,0.0,4.6948356807511736e-06,0.5474483622012095,0.1449375992123964,0.14734278074786422,0.08455882797782042
3.0,0.098008605344493,0.0,0.004372605031813138,0.7325497288720458,0.050189934417849,0.012397701753196004,0.10248142458060304
3.0,0.028480034183611357,0.0026388734674460653,7.715614625154346e-05,0.6773204583779628,0.09600364688516742,0.16727340412364036,0.02820642681592055
3.0,0.09111904356737476,0.00027902450011822776,0.0012026195882252392,0.5384791354769946,0.22197029468098137,0.0549494375878226,0.09200044459848304
3.0,0.18312937401086032,0.00014030211896511895,0.0006234678728203111,0.537331449295734,0.04802474903320086,0.0488451311756676,0.18190552649275168
3.0,0.10093048741890144,0.0,4.6948356807511736e-06,0.6789239572646415,0.08241567355502429,0.024018959647716637,0.11370622727803564
3.0,0.06261388457142046,0.0010311283846410081,3.0507836840941525e-05,0.7644398082686996,0.025569956756117087,0.08529675050074878,0.061017963681531916
3.0,0.027103508786341515,0.0,4.6948356807511736e-06,0.7729007398190444,0.07925966657882284,0.09297644841480462,0.02775494156530605
3.0,0.07832143459396051,0.0,0.001290506252130088,0.5607844224487938,0.11070912538935522,0.15723325135447105,0.09166125996128943
3.0,0.1048271831492031,0.0002876028625807241,0.0009136700582508118,0.5433868455501986,0.10143499706172869,0.14580876280070257,0.10334093851733575
3.0,0.04626696743736157,0.0,0.0010501559883435605,0.6596204845590922,0.11099734942531932,0.1348156534468541,0.04724938914302946
3.0,0.03665956337162376,0.002344263035145845,7.715614625154346e-05,0.6806275455032084,0.16182579877140166,0.0788168494409748,0.039648823731394126
3.0,0.08516571136277647,0.0,0.0006943131293792575,0.660247196067437,0.13436219059672683,0.03655266862086438,0.08297792022281632
3.0,0.12669325150368663,0.000553684457444502,0.0005702913474870642,0.5512014476652212,0.08045343562658054,0.11908381519870746,0.12144407420087268
3.0,0.06374414477055075,0.0,4.6948356807511736e-06,0.6315717712020678,0.14941996031622698,0.0970512196918446,0.05820820918362956
3.0,0.14282458495849543,0.0006816683782855659,0.0005622913474870643,0.5246547731524362,0.11549818213497987,0.09185161343062562,0.12392688659769022
3.0,0.10144562013278839,0.00030612112425432554,0.0012026195882252392,0.5260945629244047,0.17295270430921422,0.10254393389543752,0.09545443802567549
3.0,0.07043775529120673,0.00020155446246910435,0.0009924964653033478,0.6209162867390856,0.21220621620278485,0.029091585591945985,0.06615410524720454
3.0,0.11000117984707274,0.0,0.0007825965509952926,0.6134780494456483,0.11286646561450253,0.06070190521991957,0.1021698033218615
3.0,0.07122327645892153,0.0,2.7588608574524068e-05,0.5656991247398097,0.053842082676851435,0.2341892626799259,0.0750186648359171
3.0,0.09962333420535709,0.0,0.0010185692217272208,0.550696950714336,0.16870900595354446,0.08946137857080677,0.09049076133422844
3.0,0.061433885151716286,0.0,2.7588608574524068e-05,0.4073276702162832,0.059358338854890606,0.41396437964590777,0.0578881375226278
3.0,0.10852971356304553,0.00033757916530715773,0.0007180628381274626,0.5550286936868927,0.07940577300494672,0.14657158137849344,0.1094085963631874
3.0,0.10898239657279825,0.0,0.0005880829018962707,0.6573209619600863,0.10605485890424936,0.01672257834132237,0.11033112131964785
3.0,0.09873518216397831,0.0,0.00019317606754169997,0.5666435955140433,0.06840057945780655,0.1533704145638569,0.11265705223277353
3.0,0.1268105936801482,0.00038985432545903025,0.0004935388779855591,0.5325043641102039,0.05689710058142044,0.1481420266451328,0.13476252177965045
3.0,0.028842369187245455,0.01611266770733568,0.00020148885762328464,0.6300226322339135,0.05044609293903684,0.24620654808915277,0.028168200985692227
3.0,0.06693873275695185,0.0,4.6948356807511736e-06,0.5733360287865912,0.0644395330026148,0.22109809947376158,0.0741829111444
3.0,0.05407297936228018,0.013474964577788422,0.00010709916313144882,0.6399378528702263,0.1883066033211131,0.03746708320948647,0.06663341749597385
3.0,0.08133718631065363,0.0,0.0005733770195433295,0.6786789789379943,0.1345242675703924,0.02106683614395478,0.08381935401746203
3.0,0.14329897906016634,0.00037395456983790203,0.0008037788930631416,0.46675266970929746,0.09186640118770822,0.14138935239223593,0.15551486418769117
3.0,0.06095846264816085,0.0,4.6948356807511736e-06,0.5824553155411014,0.22312467308556172,0.06998115190931362,0.0634757019801821
3.0,0.04223616108192334,0.0,0.0010701559883435606,0.6455441786229439,0.20883047191536264,0.060622402820037995,0.041696629571388664
3.0,0.06951908610345908,0.0,0.0005697025431789388,0.4066624926077733,0.04680257302634508,0.3994885716546225,0.07695757406462117
3.0,0.05222209707977874,0.001709244549061988,5.773867052338812e-05,0.6482073726270615,0.04778575650039026,0.19034569110847144,0.05967209946471266
3.0,0.060215519385700626,0.0016811237419550743,3.0507836840941525e-05,0.6999887680826538,0.15970147771477378,0.020205005331562408,0.05817759790651321
3.0,0.1139691996243552,0.0004013518301118747,0.000759996072809733,0.4679433825498661,0.07137908054009406,0.23588367446473307,0.1096633149180302
3.0,0.053304420373345464,0.007799374915663994,3.755009036206828e-05,0.7242140431459295,0.0906260746409449,0.06964422584677438,0.054374310986979556
3.0,0.08056360445030168,0.0,0.00751730310285735,0.7311322715429357,0.06769255432622628,0.038439491957896144,0.07465477461978305
3.0,0.166718679623984,0.0,0.0005596483650564636,0.5803437560235182,0.03210147651172494,0.05760836212608942,0.16266807734962715
3.0,0.0998946914848514,0.0,0.0008587566827963474,0.6520512282961917,0.0871231366961665,0.055145496208527954,0.1049266906314663
3.0,0.12128046590869143,0.0013652690187816426,3.0507836840941525e-05,0.6863428724614191,0.041173743928869765,0.019205200733336928,0.13060194011206008
3.0,0.03398754813785436,0.0,4.6948356807511736e-06,0.6814388644406087,0.1594328902922434,0.08272652015357279,0.04240948214004004
3.0,0.05785303683795157,0.0,4.6948356807511736e-06,0.5774711364446294,0.14181643512145667,0.15617998674215783,0.06667471001812371
3.0,0.032338729605838196,0.0016036848255299432,5.773867052338812e-05,0.630984269042148,0.1980666431759891,0.10595634034980096,0.030992594330170264
3.0,0.03828802520672596,0.012017124554196536,8.063943388216675e-05,0.6516276212310569,0.21173768057746264,0.05379057601593057,0.032458332980744714
3.0,0.02933092836456628,0.022118292791242698,0.0002223817323645875,0.6258456823366335,0.1339776753101158,0.16007965267029298,0.028425386794784097
3.0,0.055951204947984216,0.0,0.0007485973493490318,0.5549736796746192,0.1931931698067734,0.13601516014060944,0.059118188080664526
3.0,0.0307961237928649,0.0,9.445733836446232e-05,0.5561851845735624,0.18959751402789038,0.19090581435702225,0.03242090591029566
3.0,0.0738112553861719,0.0,0.0005733770195433295,0.6194992952093734,0.12659237971677664,0.11331479811608147,0.06620889455205389
3.0,0.037184817844706376,0.0,0.0004697395772048154,0.7561827462238045,0.14057358920247776,0.022025664436597776,0.04356344271520906
3.0,0.029425212427201156,0.0,2.7588608574524068e-05,0.5724146262193985,0.11393560472764742,0.25503658879073743,0.02916037922644102
3.0,0.05034119227756233,0.0,4.6948356807511736e-06,0.5618996136740113,0.23213550552303158,0.1042157112519564,0.05140328243775759
3.0,0.11506498200556808,0.0,9.510844032643208e-05,0.6070165548990055,0.016858905463453644,0.1378205166695302,0.12314393252211613
3.0,0.005705400520532099,0.001,0.0,0.9663388374783112,0.010903658183921342,0.008712774725274723,0.007339329091960671
3.0,0.019645012083314393,3.7037037037037037e-05,0.001,0.9325729063904289,0.014550557783869721,0.017723314794961136,0.014471171910388858
3.0,0.12065896178894991,0.0,0.0021308284423894887,0.6486775851273465,0.08027130412638965,0.020176633164667272,0.12808468735025713
3.0,0.10234137939828528,0.0013085659371410642,5.773867052338812e-05,0.6363000105680122,0.03836087721971282,0.112916188595141,0.10871523961118419
3.0,0.08788151118354667,0.0016182014093690648,0.00036324572707916776,0.49878940072069156,0.04988369768509657,0.264068054855485,0.0973958884187323
3.0,0.11687518403181991,0.0003649764255811304,0.0005261193556594946,0.45149175364706073,0.08288668324360712,0.23350825584199977,0.11434702745427182
3.0,0.09273493937461075,0.0,0.0005618312063873199,0.7441310024516723,0.04731103410143315,0.017748556794279065,0.09751263607161743
3.0,0.027103508786341515,0.0,4.6948356807511736e-06,0.7729007398190444,0.07925966657882284,0.09297644841480462,0.02775494156530605
3.0,0.024501764126470545,0.003,0.0,0.7393571522497733,0.1735773241990267,0.0456111768432302,0.013952582581499253
3.0,0.007122067187198765,0.001,0.0,0.9553745517640254,0.013189372469635627,0.012962774725274726,0.010351233853865433
3.0,0.010219818509950088,0.001037037037037037,0.0,0.9329197898592635,0.017327996808259964,0.023666742979242976,0.014828614806246386
3.0,0.030739415545855815,0.0,0.0005114062438714821,0.7136525738100117,0.20081568690362717,0.021310147195218464,0.03297077030141594
3.0,0.026577730192142993,0.000211263200333182,0.06405381870293626,0.6301851426266302,0.22696644532117824,0.02890148719464401,0.023104112762135184
3.0,0.04282750360678928,0.0,2.6676018145108788e-05,0.562288915653842,0.07879954579900714,0.26129916768463407,0.05475819123758255
3.0,0.16765302936148743,0.0,0.00029051341831188074,0.534261845859072,0.0808011021208272,0.047494688612371716,0.16949882062792976
4.0,0.04366880998302563,0.001890393110687686,7.715614625154346e-05,0.21741574626834162,0.5654466313050733,0.13329457872032932,0.03820668446629083
4.0,0.15065699716239303,0.0,0.0005880829018962707,0.08694399406588373,0.5684298940960408,0.04835077044268559,0.1450302613311001
4.0,0.1322846006168483,0.0,0.0010185692217272208,0.1411151255918931,0.5573553816377852,0.03997852780733802,0.12824779512440826
4.0,0.13153780208286747,0.000289352698464176,0.0007199680654477336,0.05602221087671799,0.5307307201716881,0.15114794474474838,0.12955200136006614
4.0,0.08942167188935743,0.0,0.00029871013962335616,0.028234238716132346,0.6237554731402033,0.1587936074182999,0.09949629869638367
4.0,0.04761195234939846,0.0,0.0006605566770978335,0.15370520301235674,0.6094910654217737,0.13350807766435668,0.055023144875016916
4.0,0.08153902749883528,0.00030612112425432554,0.0012026195882252392,0.1877400948595657,0.5360931896928935,0.10912230387215091,0.08399664336407457
4.0,0.07097676143566506,0.0,2.7588608574524068e-05,0.05363028277172449,0.3672542212058224,0.4298547652375528,0.0782563807406607
4.0,0.03461872098972894,0.00020155446246910435,0.013992496465303346,0.24341065136661244,0.6478172612337235,0.02921136736406001,0.030747948118102483
4.0,0.04310405596553548,0.00524851541455101,0.00026697719879876353,0.07699039960330085,0.7102498764990874,0.12127014852438218,0.0428700267943444
4.0,0.06064613334923376,0.0,0.0002915947498944868,0.03195310866120623,0.6383835109293572,0.20336553174432814,0.06536012056598009
4.0,0.08905727057341412,0.0,0.00017847895506198987,0.07159263902124256,0.7416142098746632,0.02619439156163461,0.0713630100139834
4.0,0.03328478379366909,0.0,0.00042972553719077537,0.19174915413474508,0.7076851500342588,0.033056453168594194,0.03379473333154202
4.0,0.0164286460365694,0.001,0.0,0.11873524251107376,0.7804074396562335,0.07168270547609439,0.011745966320029139
4.0,0.030402243482336232,0.001,0.0,0.16406572446012052,0.7553863173478653,0.014222057067342263,0.03492365764233568
4.0,0.06426303516052934,0.002605037210148895,0.0003911520905706266,0.06632297152355641,0.5672709860908571,0.23232775125383845,0.0668190666704992
4.0,0.10547907631835474,0.0002626871857669834,0.00026228825074688333,0.02446919056106905,0.6954127128704948,0.07251656614696397,0.1015974786666032
4.0,0.1437819989924056,0.0,0.0009719754012288692,0.07852880908162131,0.5854694011324373,0.04012066577136983,0.15112714962093704
4.0,0.02242907713326787,0.0,5.097907749489711e-05,0.14900698556331138,0.5648896225468015,0.2417690169020912,0.021854318777033015
4.0,0.05020079683862953,0.0,2.7588608574524068e-05,0.03472614925659988,0.5598198517225289,0.29026002849588856,0.06496558507777815
4.0,0.09696217802788706,0.00034985818429573333,0.0009279028652326544,0.06683293613180517,0.6403352600747713,0.09073154969171097,0.10386031502429743
4.0,0.08043911592503818,0.0,0.00035646524273482875,0.08743207201386861,0.6921005030996341,0.03566926370438677,0.1040025800143375
4.0,0.06056288499051325,0.00022481027642259278,0.0020000722228791057,0.19034016595001116,0.659476282896174,0.03268256190091046,0.05471322176308935
4.0,0.06384605188300754,0.002927838321239896,7.715614625154346e-05,0.10763550158964277,0.5708713389839408,0.19248387808613934,0.06215823498977807
4.0,0.032885958072639894,0.004913506655411301,0.00022710433617686518,0.15746979518936638,0.6147671347542044,0.15894057475817228,0.030795926234029325
4.0,0.07078515455140093,0.0032465554148922706,0.0001000569096103221,0.1796835955432327,0.6481128063461934,0.036368408338333186,0.06170342289633798
4.0,0.06856281942792834,0.0,4.6948356807511736e-06,0.0935149676625199,0.6407483449321255,0.12201980074154621,0.0751493724001993
4.0,0.14182434529422872,0.0,0.00029985921270440414,0.03494115604870001,0.6520379628319858,0.05318319346160997,0.11771348315077117
4.0,0.02315696175281398,0.0,0.0001386997196856352,0.09122744116575769,0.6398747395423606,0.22409344995307398,0.02150870786630771
4.0,0.14500110446769757,0.0,0.0004659642628733175,0.09339291993511643,0.589795980633486,0.020951003794461683,0.15039302690636472
4.0,0.04212670939877849,0.0,0.0020701559883435604,0.15693114871343583,0.6466798540626559,0.1126668737857781,0.03952525805100828
4.0,0.0993186000580192,0.001,0.00016565313176188345,0.05634179153926311,0.6051492946451023,0.14065879766466713,0.09736586296118628
4.0,0.09431196293448686,0.0,0.0008096235780223196,0.18019522883084946,0.5522005609003848,0.07690126130280565,0.09558136245345097
4.0,0.09487665719688203,0.0,0.0012135510791773598,0.0773624940097574,0.5945034421919653,0.11876262255641945,0.1132812329657986
4.0,0.25644405748425697,0.0,4.6948356807511736e-06,0.0816196898273561,0.2773800388515872,0.10004990345660389,0.28450161554451536
4.0,0.0947490471528173,0.0,0.0016017815320332562,0.2171393506104864,0.5798250207419363,0.017575552526537093,0.08910924743618943
4.0,0.03277959411728438,0.0,0.0005114062438714821,0.31967439920683643,0.5846867186496589,0.027225325766647036,0.03512255601570166
4.0,0.1075388081404178,0.0,4.6948356807511736e-06,0.11146684267976872,0.5595616204590859,0.10872435385478323,0.1127036800302635
4.0,0.024897889346490783,0.0,4.6948356807511736e-06,0.08269026304871799,0.6495672487192264,0.21800051332348375,0.024839390726399922
4.0,0.3207254906098109,0.00033189275497255255,0.00021296357542220805,0.020204775855066113,0.30578234065537935,0.041200797986782646,0.31154173856256573
4.0,0.06507594872362199,0.00027902450011822776,0.0012026195882252392,0.17903195940745026,0.5559625248192639,0.1428758359701421,0.05557208699117801
4.0,0.046135278850064035,0.0,0.0033000822511478913,0.095912921042472,0.6357824603511976,0.16989898974362957,0.04897026776148926
4.0,0.08847209710937139,0.0,4.6948356807511736e-06,0.07517972895780056,0.5140765876267734,0.23378710404574593,0.08847978742462802
4.0,0.08120486421694845,0.0,0.0002631752970069488,0.044497885619154715,0.6539937624628852,0.14320301590034748,0.07683729650365721
4.0,0.026787717348033143,0.0027129007427881408,8.063943388216675e-05,0.23669686433899104,0.6723522389434413,0.035471371380770965,0.025898267812093628
4.0,0.09541693774735535,0.00030612112425432554,0.0012026195882252392,0.08880859753959715,0.563205994204014,0.15680053718430337,0.09425919261225064
4.0,0.0317368301146871,0.0,2.7588608574524068e-05,0.08030068653665884,0.6682927720242895,0.18855436101543463,0.03108776170035496
4.0,0.062500144523311,0.00026974571972358124,0.0010972956901523054,0.05368704290179621,0.5386157426076507,0.28100680036317094,0.06282322819419511
4.0,0.12116750148578331,0.0002960201141533154,0.0012026195882252392,0.0594217408681091,0.5645370527676843,0.13847530355800894,0.11489976161803601
4.0,0.08332269625309636,0.0,0.01802705479042243,0.13422062517728828,0.6286023298459265,0.06239296582043747,0.07343432811282923
4.0,0.09393884754139405,0.0,4.6948356807511736e-06,0.16562039478201976,0.5401725554103454,0.09144006303727524,0.10882344439328527
4.0,0.04525881675852444,0.0,4.6948356807511736e-06,0.31328771277174333,0.5271132137510942,0.06710854379144938,0.04722701809150767
4.0,0.20646426464030598,0.00019027842169155266,0.0003438707614179258,0.03419258078655699,0.49301820971166604,0.05177661035949851,0.21401418531886285
4.0,0.04453993848140138,0.0038712912208631925,8.063943388216675e-05,0.22548091071466217,0.6439152487397888,0.03933253640001138,0.042779435009391506
4.0,0.11275443836028587,0.00025034150675463766,0.00026228825074688333,0.03521195625276514,0.5682375687725816,0.17235284598677833,0.11093056087008753
4.0,0.18987382365217476,0.00014030211896511895,0.0006234678728203111,0.06863267400232931,0.5016228313733524,0.051084739401340375,0.1880221615790177
4.0,0.04371278772387527,0.0,0.004902326588167168,0.21970167252849515,0.6071927256354293,0.07630081109797507,0.048189676426057995
4.0,0.08130130506698728,0.024034303094729603,0.00018524651150662332,0.09106487591071562,0.5431408755925112,0.17988856884088614,0.08038482498266362
4.0,0.059847948453459435,0.0030217393642690835,8.768168740329348e-05,0.17665254816738274,0.6452427650392575,0.0513374078439309,0.06380990944429772
4.0,0.0698643206815208,0.0,0.000721570322322005,0.10186721693549053,0.6363369786545134,0.11816616042649564,0.07304375297965768
4.0,0.03410088458208418,0.0,2.7588608574524068e-05,0.10487711474859292,0.6355345538769444,0.1944482476761393,0.0310116105076644
4.0,0.09228297042312626,0.00023451901428667043,0.008202619588225237,0.15772038697803106,0.600618098078389,0.053738130787832905,0.08720327513010906
4.0,0.20016079339472054,0.00031344908400634473,0.0005098513076636334,0.03358339804827825,0.5045431704279194,0.07301131955542325,0.1878780181819884
4.0,0.07520088154780577,0.0,2.7588608574524068e-05,0.15990199133153057,0.5939402151157297,0.09476393522018688,0.0761653881761722
4.0,0.13708845277321224,0.0002626871857669834,0.00027028825074688336,0.02208839853675756,0.5814012312485014,0.12180865458124421,0.1370802874237708
4.0,0.18137937233780332,0.00019027842169155266,0.00028897983953193006,0.04771198972111184,0.5205311876336707,0.06227846596078114,0.18761972608540967
4.0,0.09696217802788706,0.00034985818429573333,0.0009279028652326544,0.06683293613180517,0.6403352600747713,0.09073154969171097,0.10386031502429743
4.0,0.18810550423596425,0.0,0.0008374925770627888,0.03577733891887877,0.586658998623583,0.019906391677222697,0.1687142739672883
4.0,0.04463417415924407,0.0031465554148922704,0.0001000569096103221,0.2619791837785267,0.6188583945814874,0.035961055397156716,0.03532057975908308
4.0,0.10565254977070808,0.0004198703486303932,0.0006314432537324283,0.052025800585523176,0.4864545159256859,0.24364765586200313,0.11116816425371712
4.0,0.04826413118883776,0.0,0.004320082251147891,0.10806986027357324,0.7033830694079536,0.08573960135595549,0.05022325552253217
4.0,0.11375866076290438,0.0,0.00030805593401587956,0.12566903261454584,0.6117150838148708,0.048633290684314295,0.09991587618934879
4.0,0.02687240982483203,0.0,2.7588608574524068e-05,0.11188264305839798,0.43718472854602886,0.3976461001458694,0.02638652981629699
4.0,0.03319739033462866,0.0,0.0007794771598500392,0.12342591053324027,0.6823536160103486,0.12886734756005336,0.031376258401878875
4.0,0.051003713039757974,0.0,4.6948356807511736e-06,0.17677975441767615,0.6412369223659831,0.07684097471854892,0.05413394062235294
4.0,0.06496480375061942,0.0,0.00017028223375051445,0.021485613260118445,0.7143872777903542,0.13832729554289924,0.06066472742225822
4.0,0.06974895486176348,0.0,0.001264893017505741,0.03743432666864397,0.598996961597439,0.22723074567694992,0.06532411817769793
4.0,0.1110922405786887,0.0,0.0005880829018962707,0.17148438595372173,0.5819579796709913,0.020015055274893404,0.11486225561980834
4.0,0.020839409061403625,0.0,2.7588608574524068e-05,0.08476722020900879,0.5770018667502794,0.29318661821661796,0.024177297154115533
4.0,0.12462354214946632,0.0,2.082806492873452e-05,0.06540610039530699,0.5709235599161276,0.09896710384572462,0.14005886562844566
4.0,0.05638809277924641,0.002338344881497406,8.063943388216675e-05,0.2127780491603149,0.5999553403758981,0.07459487272648142,0.05386466064267998
4.0,0.30982024559786514,0.0006197338401605516,0.0005702913474870642,0.04630805693284635,0.2581810243443628,0.08446205291857675,0.30003859501870106
4.0,0.09621579165285446,0.0006317526855127301,0.000588982936272111,0.1692366558737897,0.496502136609114,0.14654272357496284,0.09028195666749414
4.0,0.11915247941130692,0.0,0.00024573299911217117,0.07708027892477594,0.5934635563310149,0.0853466776124343,0.1247112747213557
4.0,0.14768663062124165,0.0,0.0025189148498103962,0.09259636139656517,0.5833823013664095,0.0211046346377486,0.15271115712822456
4.0,0.3240938974253133,0.0,0.00423041712518024,0.03934237195956909,0.2815745873145298,0.048351269585562295,0.30240745658984514
4.0,0.031239697185577186,0.0,2.7588608574524068e-05,0.06129631559523729,0.6198495799225783,0.25724016180431764,0.030346656883714823
4.0,0.025528515794784247,0.0,4.6948356807511736e-06,0.11751289334603539,0.7144893169804888,0.1155853905867491,0.026879188456261284
4.0,0.2866201183557391,0.0005241769279369726,0.0006028718251609998,0.0534278414915973,0.2607545407280167,0.10442059344617644,0.29364985722537235
4.0,0.10833717514533346,0.0004198703486303932,0.0006314432537324283,0.04931994643966903,0.5850648788960483,0.14922871480306218,0.10699797111352395
5.0,0.04394928719733275,0.0,0.0003166029425628881,0.0381370295662603,0.055988375212858314,0.8211727000856694,0.04043600499531644
5.0,0.02761193198451313,0.0,0.0004912827351898592,0.09374409385292108,0.07131521704601373,0.778841819606236,0.02799565477512584
5.0,0.1967296429684695,0.0009488476458271521,0.000512966672162389,0.03995238541247517,0.0503110051374026,0.5285630472316984,0.18298210493196473
5.0,0.0433096164106749,0.0,0.0006864826030237594,0.2012164409210932,0.17028506350783731,0.5367530898838888,0.04774930667348215
5.0,0.13518424433263151,0.0005843621131221576,0.0006028718251609998,0.10362433639650681,0.10787623609923641,0.5344298314227477,0.1176981178105942
5.0,0.1831438257292099,0.00025034150675463766,0.00027028825074688336,0.025930607614066778,0.13617449590297695,0.4767795516671692,0.17745088932907552
5.0,0.11361332253097364,0.0003134827797649891,0.0008225789671597207,0.1267948888928912,0.11230373959266975,0.5397327995033732,0.10641918773316743
5.0,0.10107974416125509,0.00024561563842276824,0.0009435936973492277,0.047483008758313086,0.16108341465054393,0.5983155958756586,0.09084902721845683
5.0,0.040354532431817934,0.0,4.6948356807511736e-06,0.1304672479535894,0.10203474751622343,0.6817725855156485,0.04536619174703961
5.0,0.1191118310345287,0.0003649764255811304,0.0005261193556594946,0.0682018306394763,0.11046636870609636,0.5843722983907029,0.11695657544795515
5.0,0.046209241262117846,0.0,0.00010239384630097026,0.08336978210725149,0.09007748518716002,0.7359606081774356,0.04428048941973413
5.0,0.116014798186812,0.0003649764255811304,0.0006546721747367993,0.11663172927953741,0.061290048389633374,0.5843647516367679,0.12067902390693133
5.0,0.1092332108191068,0.0,0.024400118180131197,0.04004534180812043,0.10865053465734019,0.6180237283906431,0.09964706614465824
5.0,0.024885121469607054,0.0,5.097907749489711e-05,0.10682001784986939,0.23256486018061492,0.6103068010079813,0.025372220414432167
5.0,0.11416975373455869,0.0,0.0005596483650564636,0.11319932198719887,0.0765285886324954,0.586038934196054,0.10950375308463667
5.0,0.15597144438701377,0.0002781812949884248,0.00220261958822524,0.046921505701762845,0.06398817396658076,0.5865272379158377,0.14411083714559073
5.0,0.13081552753139822,0.0,0.0008276415960403376,0.07334356058805218,0.14460828755407926,0.5254534372773606,0.12495154545306954
5.0,0.03158973073961958,0.0,2.7588608574524068e-05,0.0984740908494498,0.1534970921807155,0.685451658687073,0.030959838934567618
5.0,0.05687842327081931,0.0,0.0009864828566436236,0.10504805390290052,0.18886155842751204,0.5942352483072401,0.053990233234884444
5.0,0.14008663967849952,0.0004078776601490316,0.0005122304667706058,0.08066633738088866,0.0839888981221923,0.5624196617892275,0.1319183549022726
5.0,0.11715252813399957,0.0,0.005350907371533073,0.07903951023161725,0.06277546671951055,0.6305349868858714,0.10514660065746838
5.0,0.06787082044281437,1.4084507042253522e-05,7.339932473474393e-05,0.22170125826096737,0.017779705223506515,0.6169588382524903,0.07560189398844414
5.0,0.04956141543626415,0.0,0.0,0.133832105945939,0.0936948754849221,0.675691839851975,0.04721976328089969
5.0,0.08758537778789491,0.014014084507042253,0.029097459943938815,0.06316800004794643,0.02207972518986778,0.7131786635332737,0.07087668899003613
5.0,0.10252245621842336,0.0003649764255811304,0.0005261193556594946,0.05322062076548124,0.05136606116412337,0.6905679507260764,0.10143181534465544
5.0,0.06080317482634129,0.00026974571972358124,0.0010972956901523054,0.07975977017452351,0.22685210624401453,0.5712068003631706,0.0600111069820739
5.0,0.06772602145025966,0.0,0.0003351214610814067,0.01864908275209436,0.06606116438271604,0.7943884115085295,0.05284019844531915
5.0,0.11897941260799322,0.0014827313776929762,7.715614625154346e-05,0.08341646400498172,0.02763454935892288,0.6486953739078801,0.11971431259627727
5.0,0.021559423885677508,0.0018361740457089515,5.773867052338812e-05,0.2034296621520469,0.06770180379396473,0.6819509523317427,0.02346424512033572
5.0,0.13768852983932822,0.00043738518965656106,0.0004935388779855591,0.04691796199585662,0.09158100765979645,0.5965241338064665,0.12635744263091056
5.0,0.05070747930264223,0.0,0.0003351214610814067,0.02893409384187638,0.028464279433958146,0.8395890700219433,0.05196995593849869
5.0,0.03873096879825787,0.0,2.7588608574524068e-05,0.049356074763563226,0.172337366378133,0.6938087085884963,0.04573929286297527
5.0,0.06405715359252777,0.0,2.7588608574524068e-05,0.0939093677390447,0.13493167218621488,0.630194961315984,0.07687925655765418
5.0,0.0433482458254442,0.0,2.7588608574524068e-05,0.0422151364581724,0.18154664405815282,0.6928661961596221,0.03999618889003406
5.0,0.028778895486852755,0.0037271615403492264,0.0002166831022276012,0.431968464462065,0.09997358954279838,0.40663702510022276,0.028698180765484423
5.0,0.09054707435027051,0.0,0.0003851345535139806,0.029254140572145086,0.04916752856057814,0.756687742117648,0.07395837984584437
5.0,0.11350121413212837,0.0002596447096225711,0.0010972956901523054,0.07672720664267346,0.13655202208954742,0.5665691281830464,0.10529348855282926
5.0,0.029020564868925534,0.0021547005126848757,7.715614625154346e-05,0.16573879089339197,0.05981820967196667,0.7129296668927472,0.030260911014032044
5.0,0.1299417960083455,0.0005518326055926503,0.0005841802363759532,0.11204452992036147,0.11588179402385447,0.5111701361065993,0.12982573109887108
5.0,0.05403148435373371,0.0,0.0002915947498944868,0.039698261412741985,0.1828659780469308,0.6707457347436802,0.052366946693019015
5.0,0.16973422875198074,0.0009503491473286536,0.000512966672162389,0.04186328525127366,0.0699919494173898,0.5681958289855805,0.14875139177428418
5.0,0.10252245621842336,0.0003649764255811304,0.0005261193556594946,0.05322062076548124,0.05136606116412337,0.6905679507260764,0.10143181534465544
5.0,0.12380349113242216,0.0,4.6948356807511736e-06,0.09934293985210052,0.13017417028833894,0.5227459435207874,0.12392876037067013
5.0,0.0640749477512751,0.0,0.0002844518927516297,0.053102853492156744,0.20472828277820712,0.6188446904369621,0.0589647736486474
5.0,0.09810740702367726,0.0,4.6948356807511736e-06,0.14409509594584344,0.08543460734206722,0.5601316977485514,0.11222649710417959
5.0,0.031275126503564135,0.0,0.0007780764092513871,0.2009190941115997,0.12519729815515357,0.6064861753059093,0.03534422951452207
5.0,0.045020499144222216,0.0,0.0004102104893578879,0.07938254035529455,0.16914900997429633,0.660577683709374,0.045460056327454694
5.0,0.061433885151716286,0.0,2.7588608574524068e-05,0.4073276702162832,0.059358338854890606,0.41396437964590777,0.0578881375226278
5.0,0.0234105520903189,0.0,2.7588608574524068e-05,0.06458258548528092,0.16181638472553833,0.7226143356906849,0.02754855339960216
5.0,0.12864065774275543,0.0002960201141533154,0.0012026195882252392,0.05964482490829838,0.1199948913527598,0.5582209097571674,0.1320000765366403
5.0,0.1095617707635168,0.00037886531447001924,0.0005261193556594946,0.1507109716758907,0.0770246241603668,0.5498423527409187,0.11195529598917729
5.0,0.1247505651395495,0.0007259602747844415,0.00041580603939557763,0.08996663455383182,0.05125346804809246,0.6094013627891754,0.12348620315517099
5.0,0.04915921333328194,0.0,2.7588608574524068e-05,0.02770268359665694,0.18051019130343873,0.6863250296172261,0.05627529354082177
5.0,0.1094015856079524,0.0004198703486303932,0.0006518514169977344,0.06622051098802245,0.17157127332989197,0.5340719958133989,0.11766291249510621
5.0,0.037856147920347374,0.0,2.7588608574524068e-05,0.07395233210426486,0.0726613469404919,0.7790025408486799,0.03650004357764119
5.0,0.026415106933591687,0.0,2.7588608574524068e-05,0.10939266327589724,0.13385317588747747,0.7027840473553492,0.027527417939109722
5.0,0.1571718252566388,0.0004739244026844472,0.0006028718251609998,0.042959238929655835,0.06324445573671227,0.5665564855059159,0.1689911983432314
5.0,0.09573256336058561,0.0002634727812799111,0.0009435936973492277,0.09208526225355256,0.13838138956588913,0.5791262757363989,0.09346744260494452
5.0,0.035705509597029894,0.0,4.6948356807511736e-06,0.18600913596909127,0.15938854893720952,0.5805653278749701,0.03832678278601828
5.0,0.06753577656718983,0.0,0.001264893017505741,0.04022502434306257,0.2076481243881366,0.6210214433513686,0.06230473833273669
5.0,0.04392948125368072,0.0,2.7588608574524068e-05,0.06527233210426486,0.07394134694049188,0.77514254084868,0.04168671024430784
5.0,0.05905489260626177,0.0,8.917601814510878e-05,0.10078772758978499,0.08649804676872318,0.6914325328728936,0.06213762414419121
5.0,0.11419284867203316,0.000377255444569706,0.000759996072809733,0.1616823206254004,0.06994071970990728,0.5428981085810445,0.11014875089423526
5.0,0.10839093146985129,0.0,0.00036043791677760914,0.03221035952591586,0.028513778681497452,0.7251072613131039,0.10541723109285393
5.0,0.13670829071254623,0.00030612112425432554,0.0012026195882252392,0.052475022312092966,0.1269507879008336,0.5468739541079265,0.1354832042541211
5.0,0.0338664788115728,0.05237937885230532,0.00018524651150662332,0.19960156854644068,0.1279658954219041,0.5541794806570687,0.03182195119920164
5.0,0.027198996586503505,0.0,4.6948356807511736e-06,0.1566843904008905,0.14188819890054083,0.6449502147159979,0.029273504560386097
5.0,0.06951908610345908,0.0,0.0005697025431789388,0.4066624926077733,0.04680257302634508,0.3994885716546225,0.07695757406462117
5.0,0.039133682386050375,0.0,1.8739510208600853e-05,0.20664336773376107,0.07547808523248227,0.637343539489802,0.0413825856476951
5.0,0.10524498673131774,0.0,2.7588608574524068e-05,0.0796314590460136,0.07191450548986762,0.6482036603068642,0.09497779981736208
5.0,0.042164837007439074,0.0017227152426768416,7.715614625154346e-05,0.09633736378717522,0.13675979324420673,0.6786160394781324,0.04432209509411802
5.0,0.07284127980323546,0.0028620001146122155,7.715614625154346e-05,0.13708157831993004,0.14622064601219517,0.5609311838505504,0.07998615575322511
5.0,0.10623488114609707,0.0,4.6948356807511736e-06,0.16281015047698383,0.11001943397725944,0.4987553033876097,0.12217553617636936
5.0,0.06550993156461982,0.0,0.0010501559883435605,0.16625422746756488,0.12878738045008667,0.5764235835503785,0.06197472097900659
5.0,0.028120579709139365,0.03431137339650789,0.000208290936036133,0.24599609696258762,0.05356993588639277,0.6102972577782191,0.027496465331116642
5.0,0.12035103704566007,0.0010459120160130838,0.00040671513030466857,0.10113744726273606,0.04626991060286257,0.6211888669171274,0.10960011102529629
5.0,0.1548504590458015,0.0,0.0012496794418109772,0.12539063930212938,0.07329910551500278,0.49767042946907564,0.14753968722617986
5.0,0.10328713102886068,0.0,4.6948356807511736e-06,0.09725960432450324,0.05974658653038825,0.6313392550901291,0.10836272819043802
5.0,0.03130669091325725,0.0,4.6948356807511736e-06,0.0831779722218142,0.21375567224376726,0.6443629950077117,0.027391974777768856
5.0,0.13976407302366536,0.0,0.001270956037555658,0.05438491284871459,0.15329460587848068,0.5218737262875952,0.12941172592398886
5.0,0.117797125252026,0.0,0.00019317606754169997,0.1174452560568218,0.07217917281726058,0.5735276207420852,0.11885764906426462
5.0,0.14656035467731343,0.0004198703486303932,0.0006518514169977344,0.09839368492974931,0.09907605060104265,0.5040067737190814,0.15089141430718533
5.0,0.0583560709240851,0.0025031141332258183,0.0003911520905706266,0.07921756133142116,0.22621922738551292,0.5727979470496254,0.060514927085558994
5.0,0.08865613495154964,0.0,0.00029051341831188074,0.022826718184813757,0.16605320702075824,0.6290889950305912,0.09308443139397536
5.0,0.1377789611221843,0.0,2.7588608574524068e-05,0.06538753246895292,0.08271531843444876,0.5692542266396907,0.1448363727261485
5.0,0.08042112511841121,0.0,4.6948356807511736e-06,0.20890679457754602,0.0484154558117782,0.5820550087070925,0.08019692094949075
5.0,0.026218903268509664,0.014490399096617616,0.0001820713818951293,0.2050231816190002,0.13903178374407987,0.5898731491169629,0.025180511772934448
5.0,0.02687240982483203,0.0,2.7588608574524068e-05,0.11188264305839798,0.43718472854602886,0.3976461001458694,0.02638652981629699
5.0,0.07097676143566506,0.0,2.7588608574524068e-05,0.05363028277172449,0.3672542212058224,0.4298547652375528,0.0782563807406607
5.0,0.18053991099324118,0.0004739244026844472,0.0006028718251609998,0.04279266240567587,0.08714717128455399,0.4989746903105854,0.1894687687780983
6.0,0.4293219335641143,0.0,0.039449723154446184,0.04945613195110532,0.03744132920809261,0.014003150526899476,0.4303277315953419
6.0,0.45246720989014666,0.0,0.0002019513367433268,0.013705424610265214,0.05298876810180094,0.027784585802050375,0.4528520602589935
6.0,0.41072116589085367,0.0,0.0007514782230354566,0.030316790759261802,0.11254037772950208,0.03187573232203281,0.4137944550753142
6.0,0.43236066454712596,0.0,0.00043752972603351036,0.025907608318325254,0.05903419632124159,0.029341768940126408,0.45291823214714744
6.0,0.3667327763681324,0.00037395456983790203,0.0008233867362003965,0.0764573335047245,0.08049542836340358,0.08477006770815254,0.3903470527495483
6.0,0.25644405748425697,0.0,4.6948356807511736e-06,0.0816196898273561,0.2773800388515872,0.10004990345660389,0.28450161554451536
6.0,0.4539378434381207,0.0,0.0014936922275469095,0.019452937226723047,0.06258305821597597,0.02528102037485292,0.4372514485167805
6.0,0.38955103137043146,0.0,0.0010463469995049984,0.05680091873940145,0.09234649861179398,0.058313356126973755,0.40194184815189443
6.0,0.3958297393507802,0.00019027842169155266,0.0003438707614179258,0.024836243050219246,0.10009821701917358,0.04138797408836221,0.4373136773083547
6.0,0.4221160966213332,0.0,0.00032657445253439813,0.04027215657585214,0.07362047522529393,0.07939853489394767,0.3842661622310386
6.0,0.4181077247744213,0.0007944505078570316,0.00018168929414792673,0.04589560572715145,0.07520261335510574,0.03314830878126462,0.4266696075600516
6.0,0.39900730123941486,0.0006031049663888206,0.0005622913474870643,0.06617020550972236,0.07622603591397607,0.08681414598598608,0.37061691503702443
6.0,0.4131283781958296,0.00014030211896511895,0.0006234678728203111,0.04721539443597413,0.10969275111364428,0.03681496286087627,0.3923847434018898
6.0,0.38304593441109475,0.001424143477656101,3.0507836840941525e-05,0.12015280555790184,0.03864772925479538,0.03820297070890707,0.4184959087528035
6.0,0.3600273780377073,0.0,4.6948356807511736e-06,0.07025852896169531,0.07520565039553867,0.1249167397207457,0.3695870080486323
6.0,0.4188196960281544,0.0,0.00029051341831188074,0.06126184585907188,0.07480110212082718,0.0314946886123717,0.413332153961263
6.0,0.41540915674049295,0.00014030211896511895,0.0006234678728203111,0.06649076649009529,0.044721011636041245,0.0368277506658561,0.4357875444757288
6.0,0.45915160013687933,0.0,0.0011261061347484648,0.01745295408439866,0.04640309947336659,0.03192531947400178,0.443940920696605
6.0,0.3240938974253133,0.0,0.00423041712518024,0.03934237195956909,0.2815745873145298,0.048351269585562295,0.30240745658984514
6.0,0.3522083648245168,0.003736513898729899,0.00018524651150662332,0.12376315896434811,0.10094686320569714,0.046791427829272945,0.37236842476592846
6.0,0.40903374600113385,0.00031344908400634473,0.0005384227362350618,0.04348563178376165,0.058770270446059696,0.11251883444180046,0.37533964550700255
6.0,0.40854503741286813,0.0010429303869190203,0.00039044708230880716,0.03864513615038866,0.0642257687300825,0.08060206284613049,0.40654861739130227
6.0,0.46027410229323434,0.0,0.008039916586744864,0.03176071315217293,0.035191206698201825,0.023177832974722434,0.44155622829492336
6.0,0.3628048711795725,0.00042503951064421544,0.0004935388779855591,0.09364086429449794,0.050733953630038235,0.12123309771046864,0.37066863479679285
6.0,0.3207254906098109,0.00033189275497255255,0.00021296357542220805,0.020204775855066113,0.30578234065537935,0.041200797986782646,0.31154173856256573
6.0,0.36092491299887,0.0,2.7588608574524068e-05,0.08243053332069154,0.0671737128526787,0.1243714118264524,0.36507184039273294
6.0,0.38451886398454166,0.0,1.2891556992226585e-05,0.061865544108062456,0.089675288504895,0.07674891234183127,0.38717849950367744
6.0,0.4233304121361306,0.000391416564496362,0.00021296357542220805,0.033350214634060016,0.07039597176200373,0.04657601535106411,0.4257430059768225
6.0,0.3937036369196914,0.0,1.2891556992226585e-05,0.04635262291917767,0.08695838603022578,0.05693417771100004,0.416038284862913
6.0,0.43155531046793627,0.0,0.0011127365672707434,0.014882162462370514,0.08737539605892236,0.029497910249098744,0.4355764841944015
6.0,0.4433532494906772,0.0,0.0003674648661023483,0.029471399049732845,0.048473038001087834,0.010657372084149602,0.46767747650825003
6.0,0.35759817070207417,0.0,2.7588608574524068e-05,0.0589742917807335,0.08511836534996678,0.13532056961335712,0.3629610139452942
6.0,0.4217238259491986,0.00022083397724710816,0.00028897983953193006,0.025747661811750422,0.07900930867338933,0.06445217629132488,0.4085572134575574
6.0,0.44353953038844623,0.0,0.0010652442693411446,0.026683565392282706,0.03265152528997422,0.026493543926317146,0.46956659073363854
6.0,0.39749751658917626,0.000860441848725703,0.000512966672162389,0.039802182637992956,0.052363765855759324,0.12980196675000247,0.3791611596461805
6.0,0.4289100792616828,0.0,0.0017378770860089418,0.08130749219860216,0.061085178365430946,0.017403340793922625,0.4095560322943522
6.0,0.3953681994485013,0.0004739244026844472,0.0006028718251609998,0.042291977356252966,0.06263757298739112,0.10129179023186342,0.39733366374814516
6.0,0.30982024559786514,0.0006197338401605516,0.0005702913474870642,0.04630805693284635,0.2581810243443628,0.08446205291857675,0.30003859501870106
6.0,0.4301730232834091,0.0,0.0017304951171490275,0.06490426335104695,0.015127701484110755,0.045900878788534175,0.4421636379757498
6.0,0.3911665226437933,0.0,0.0008096235780223196,0.08952118714984574,0.08093196327925554,0.06465975329800651,0.3729109500510767
6.0,0.3945718864476091,0.0002960201141533154,0.0012026195882252392,0.040668695064511304,0.05125551716280984,0.14676047337623135,0.36524478824645934
6.0,0.385473188902915,0.0,7.533325102149845e-05,0.04449933045268186,0.07217541014632721,0.07855899994405564,0.4192177373029991
6.0,0.38984358406388614,0.0004739244026844472,0.0006028718251609998,0.04261890043317603,0.0709982140130322,0.08538768766776082,0.4100748175942988
6.0,0.46964462101162635,0.0,0.00022097988476687332,0.026955609136823024,0.032613147622347786,0.025585554559903242,0.44498008778453263
6.0,0.3465011305155165,0.0,4.6948356807511736e-06,0.11175497843340661,0.0953949735049664,0.08481195466640852,0.3615322680440213
6.0,0.2866201183557391,0.0005241769279369726,0.0006028718251609998,0.0534278414915973,0.2607545407280167,0.10442059344617644,0.29364985722537235
6.0,0.40048998311318906,0.00023551462832175813,0.0009435936973492277,0.03786887734557573,0.07878302275564521,0.08874378867821979,0.3929352197816989
6.0,0.35417247261364204,0.0003649764255811304,0.0005465275189248008,0.05787215398692704,0.062041586647835927,0.15812246601083182,0.3668798167962568
6.0,0.4028730684743088,0.00022481027642259278,0.0020972956901523054,0.07836949019959423,0.08663361133151551,0.045060061960517823,0.3847416620674885
6.0,0.3980461794034304,0.0,2.7588608574524068e-05,0.03587724004319111,0.05461639435659687,0.12544368016360322,0.38598891742460373
6.0,0.4417008498225312,0.0,0.0016064753297116243,0.0403343576747696,0.015375680674597712,0.054382112877083,0.44660052362130664
6.0,0.4219809147034742,0.0,0.0009997531790066469,0.047691159555687035,0.04767744547337339,0.03920447218998362,0.44244625489847517
6.0,0.4209639490340509,0.0,0.0005880829018962707,0.04250550412445267,0.09145371635221633,0.026423854221651732,0.41806489336573205
6.0,0.43972769082913465,0.0,0.0010013162981445745,0.030742531322858837,0.06784174435099369,0.021586312129038755,0.4391004050698294
6.0,0.46117720156186837,0.0,0.000353766235965362,0.02011141581704771,0.047015823057911035,0.009847210737735469,0.461494582589472
6.0,0.3634765286882529,0.0,4.6948356807511736e-06,0.09228407384108782,0.06312853669765453,0.11544159852736108,0.36566456740996295
6.0,0.41749626336149137,0.0006564869946184929,3.0507836840941525e-05,0.11621478908286058,0.02737621104011303,0.02488523136901797,0.41334051031505764
6.0,0.39335735599015503,0.0,0.0012909560375556576,0.046807932984284824,0.06519437789678885,0.08792612962337092,0.4054232474678446
6.0,0.430855555800035,0.003,0.0,0.07220731573918072,0.015127571227399602,0.022923644290492116,0.45588591294289255
6.0,0.4385740297739707,0.007,0.007061443056686185,0.010193734308228094,0.0411066323338323,0.0519581511810975,0.4441060093461852
6.0,0.4133053142370654,0.0,9.510844032643208e-05,0.08624998169182561,0.017137529725369034,0.046112333061444515,0.43709973284396925
6.0,0.4037194387832002,0.008500396220472908,0.00011839333963439041,0.09077223505710817,0.0568237260190323,0.030833012987576198,0.4092327975929758
6.0,0.4596133912147428,0.0,0.00019970328902219249,0.01647815943353744,0.031052009975799807,0.032363655587548334,0.4602930804993493
6.0,0.4027200427658947,0.00031344908400634473,0.0006288769743566427,0.04147325593921562,0.07248538226643796,0.06863822088057428,0.4137407720895141
6.0,0.39240829368673336,0.0,0.000835309625589557,0.10421045264877266,0.0829817684334444,0.03270625749056724,0.38685791811489295
6.0,0.41737003913344484,0.0,0.02256598089450134,0.044444747707330784,0.044854072411522776,0.05545536198339195,0.4153097978698084
6.0,0.35711765269493945,0.0,0.0005767947417604992,0.10863856939591292,0.05319517030765494,0.07797508711255866,0.4024967257471736
6.0,0.43401528111823146,0.00019027842169155266,0.00028897983953193006,0.021695041898546152,0.07821341519378557,0.03765560505424943,0.42794139847396334
6.0,0.3974483906306468,0.0,0.0006104920256186189,0.07373367122824603,0.06312359584773382,0.07360616482265371,0.39147768544510125
6.0,0.4142645784772828,0.00023182298823611915,0.00027028825074688336,0.024670885179480885,0.08134452839139024,0.06546484909091027,0.41375304762195236
6.0,0.4151354991809791,0.001,4.6948356807511736e-06,0.07447067417316423,0.047652928144824164,0.05318222779039724,0.40855397587495446
6.0,0.420235955251241,0.0,0.0005436493882055018,0.06436696842890446,0.05575929024911565,0.01639693354461809,0.4426972031379151
6.0,0.3557530880794295,0.0003649764255811304,0.0005261193556594946,0.06142548005509192,0.05146285353135519,0.1317017102736662,0.39876577227921617
6.0,0.3786238024034184,0.0002960201141533154,0.0012026195882252392,0.04941607406555629,0.08547059442293772,0.10602242352584931,0.37896846587985944
6.0,0.42764327248995443,0.0,0.0005152148513656946,0.05076694475981418,0.033207215960420956,0.05080021262142334,0.43706713931702146
6.0,0.3779693106658878,0.00034985818429573333,0.0008879028652326545,0.04907109203643652,0.10026452903858606,0.0997239952136748,0.3717333119958861
6.0,0.4391272115718367,0.0,0.000353766235965362,0.04589789201949703,0.03748870207016992,0.009805470966611727,0.4673269571359192
6.0,0.34914280234048967,0.0,2.7588608574524068e-05,0.07999324202550279,0.05481854430055277,0.1503508921392242,0.3656669305856562
6.0,0.4050889510923635,0.00014754849577671314,0.00039984224091881715,0.037659320374154176,0.11002661997895717,0.03748215068663724,0.4091955671311918
6.0,0.38758611638772095,0.0004739244026844472,0.0006028718251609998,0.04607693524490399,0.06139176182231042,0.10324105517118869,0.40062733514603005
6.0,0.3871475333757321,0.0,4.6948356807511736e-06,0.07254661720432908,0.07907699330956562,0.056608286382020284,0.4046158748926721
6.0,0.388232026408175,0.0017622243735286192,7.715614625154346e-05,0.09437260765597802,0.04453544267887319,0.07619300326345711,0.39482753947373656
6.0,0.39409405724291247,0.003091027464581711,0.0001000569096103221,0.10147167007739415,0.13228970075613064,0.0397716381519978,0.3291818493973731
6.0,0.45863473109938646,0.0,0.0004108827411775702,0.03411561512886238,0.037755114551373994,0.04707026713103475,0.4220133893481647
6.0,0.44273585126271414,0.0,0.0010399165867448627,0.031060889416208128,0.03632473711415721,0.028351383654102315,0.4604872219660732
6.0,0.4078061649227392,0.0004739244026844472,0.0006028718251609998,0.042535511348344004,0.07092790463764555,0.08519589328010929,0.39245772958331604
6.0,0.36402565124058633,0.00032397826711146835,0.0012026195882252392,0.08541562775179123,0.0992314672598582,0.09503997827297991,0.35476067761944735
6.0,0.41694816853375666,0.0,0.0005880829018962707,0.08683205335316495,0.045931892326313714,0.016973169882286584,0.4327266330025816
6.0,0.41578718635974565,0.0,0.0009997531790066469,0.05108312074764824,0.0678882958842238,0.03553142001693146,0.4287102238124443
6.0,0.40701377353847207,0.0010044032013827079,0.000512966672162389,0.03852375122842672,0.048950722268474404,0.14190278694168373,0.3620915961493979
