0.00000000e+00
1.40650878e-02
1.38364551e-02
0.00000000e+00
2.70048098e-03
2.53828477e-03
0.00000000e+00
1.06402623e-02
1.11103508e-02
0.00000000e+00
6.70864942e-03
6.81826634e-03
0.00000000e+00
0.00000000e+00
0.00000000e+00
0.00000000e+00
1.34971793e-02
1.56152989e-02
1.59224717e-02
1.44529651e-02
1.30802750e-02
1.53935295e-02
1.59115939e-02
1.39515477e-02
0.00000000e+00
1.54313384e-02
1.50920409e-02
7.59290052e-05
1.01794267e-04
1.43488849e-04
1.08905940e-04
0.00000000e+00
6.77860742e-05
8.54092177e-03
1.10799797e-02
1.51311685e-02
0.00000000e+00
1.54367466e-02
0.00000000e+00
5.35998464e-05
1.28348347e-02
6.79420312e-03
3.76726678e-03
9.82427755e-05
0.00000000e+00
5.98274764e-05
0.00000000e+00
0.00000000e+00
0.00000000e+00
0.00000000e+00
0.00000000e+00
0.00000000e+00
0.00000000e+00
0.00000000e+00
0.00000000e+00
0.00000000e+00
0.00000000e+00
0.00000000e+00
0.00000000e+00
0.00000000e+00
0.00000000e+00
0.00000000e+00
0.00000000e+00
0.00000000e+00
0.00000000e+00
0.00000000e+00
0.00000000e+00
0.00000000e+00
0.00000000e+00
0.00000000e+00
0.00000000e+00
0.00000000e+00
0.00000000e+00
0.00000000e+00
0.00000000e+00
0.00000000e+00
0.00000000e+00
0.00000000e+00
0.00000000e+00
0.00000000e+00
0.00000000e+00
0.00000000e+00
0.00000000e+00
0.00000000e+00
0.00000000e+00
0.00000000e+00
0.00000000e+00
0.00000000e+00
0.00000000e+00
0.00000000e+00
0.00000000e+00
0.00000000e+00
0.00000000e+00
0.00000000e+00
0.00000000e+00
0.00000000e+00
0.00000000e+00
0.00000000e+00
0.00000000e+00
0.00000000e+00
0.00000000e+00
0.00000000e+00
0.00000000e+00
0.00000000e+00
0.00000000e+00
0.00000000e+00
0.00000000e+00
0.00000000e+00
0.00000000e+00
0.00000000e+00
0.00000000e+00
0.00000000e+00
0.00000000e+00
0.00000000e+00
0.00000000e+00
0.00000000e+00
6.83068514e-05
9.24406364e-03
1.64645836e-02
1.73847168e-02
1.63376470e-02
3.43543977e-02
2.35411875e-02
1.62791068e-02
1.41164583e-02
1.43363864e-02
8.70621099e-03
1.12883674e-02
1.13937022e-02
1.16379602e-02
7.75433183e-03
9.55036578e-03
1.28833024e-02
1.21749150e-02
1.10463644e-02
1.21342817e-02
1.06039980e-02
2.53022701e-03
1.11696304e-04
1.49159770e-02
1.31590344e-02
1.50883383e-02
1.52407131e-02
6.88913386e-05
9.42796826e-03
2.53783910e-03
3.16796947e-03
3.21970920e-03
3.45257880e-03
4.49268816e-03
3.69991565e-03
3.69225914e-03
4.18607480e-03
3.95178552e-03
4.07811578e-03
9.31733215e-03
1.68841206e-02
1.80235035e-02
1.74147471e-02
1.93410972e-02
1.98479290e-02
2.42629398e-02
2.33825512e-02
2.03433438e-02
1.56922604e-02
1.30851169e-02
1.22287396e-02
1.27150287e-02
1.52366737e-02
1.10915316e-02
1.28174256e-02
1.31157486e-02
1.41802457e-02
1.54081506e-02
1.62283047e-02
