0.00000000e+00
2.77172360e-02
2.78351049e-02
0.00000000e+00
8.97307473e-03
8.89292831e-03
0.00000000e+00
3.71318973e-02
3.77637943e-02
0.00000000e+00
0.00000000e+00
0.00000000e+00
0.00000000e+00
0.00000000e+00
0.00000000e+00
0.00000000e+00
0.00000000e+00
0.00000000e+00
0.00000000e+00
2.76996914e-02
0.00000000e+00
0.00000000e+00
0.00000000e+00
2.79256546e-02
0.00000000e+00
4.03190150e-02
4.08442502e-02
1.33000822e-05
1.32403354e-05
1.40844455e-05
1.63234269e-05
0.00000000e+00
1.70135567e-05
4.07296509e-02
4.34140804e-02
4.03851783e-02
0.00000000e+00
4.09522176e-02
0.00000000e+00
1.05346984e-05
4.05474577e-02
5.37243144e-02
4.31414053e-02
1.59421647e-05
0.00000000e+00
1.18464488e-05
0.00000000e+00
0.00000000e+00
0.00000000e+00
0.00000000e+00
0.00000000e+00
0.00000000e+00
0.00000000e+00
0.00000000e+00
0.00000000e+00
0.00000000e+00
0.00000000e+00
0.00000000e+00
0.00000000e+00
0.00000000e+00
0.00000000e+00
0.00000000e+00
0.00000000e+00
0.00000000e+00
0.00000000e+00
0.00000000e+00
0.00000000e+00
0.00000000e+00
0.00000000e+00
0.00000000e+00
0.00000000e+00
0.00000000e+00
0.00000000e+00
0.00000000e+00
0.00000000e+00
0.00000000e+00
0.00000000e+00
0.00000000e+00
0.00000000e+00
0.00000000e+00
0.00000000e+00
0.00000000e+00
0.00000000e+00
0.00000000e+00
0.00000000e+00
0.00000000e+00
0.00000000e+00
0.00000000e+00
0.00000000e+00
0.00000000e+00
0.00000000e+00
0.00000000e+00
0.00000000e+00
0.00000000e+00
0.00000000e+00
0.00000000e+00
0.00000000e+00
0.00000000e+00
0.00000000e+00
0.00000000e+00
0.00000000e+00
0.00000000e+00
0.00000000e+00
0.00000000e+00
0.00000000e+00
0.00000000e+00
0.00000000e+00
0.00000000e+00
0.00000000e+00
0.00000000e+00
0.00000000e+00
0.00000000e+00
0.00000000e+00
0.00000000e+00
0.00000000e+00
0.00000000e+00
1.70173736e-05
0.00000000e+00
0.00000000e+00
0.00000000e+00
0.00000000e+00
0.00000000e+00
0.00000000e+00
4.20045736e-02
0.00000000e+00
0.00000000e+00
0.00000000e+00
7.49691876e-04
0.00000000e+00
0.00000000e+00
4.24542421e-02
0.00000000e+00
0.00000000e+00
0.00000000e+00
0.00000000e+00
0.00000000e+00
2.13366079e-03
4.24725936e-02
1.70607436e-05
4.07118769e-02
4.32986930e-02
2.76643270e-02
4.09258594e-02
1.70694406e-05
4.34400617e-02
4.33079874e-02
4.26760483e-02
0.00000000e+00
0.00000000e+00
0.00000000e+00
0.00000000e+00
0.00000000e+00
0.00000000e+00
0.00000000e+00
0.00000000e+00
0.00000000e+00
0.00000000e+00
0.00000000e+00
0.00000000e+00
0.00000000e+00
0.00000000e+00
0.00000000e+00
0.00000000e+00
0.00000000e+00
0.00000000e+00
0.00000000e+00
0.00000000e+00
0.00000000e+00
0.00000000e+00
0.00000000e+00
0.00000000e+00
0.00000000e+00
0.00000000e+00
0.00000000e+00
0.00000000e+00
